B09PNVFZB7	[0, 0, 0, 2, 0, 0, 0, 0, 0, 0]
B09FL9S8Y1	[0, 0, 0, 0, 0, 0, 0, 0, 0, 0]
B086GTC4PS	[4, 4, 16, 4, 1, 4, 3, 1, 2, 0]
B09MJJQQS3	[0, 2, 2, 1, 1, 2, 1, 0, 1, 1]
B07JMV1BFD	[1, 0, 2, 1, 0, 0, 0, 0, 0, 0]
B09QQ5XHMY	[7, 0, 4, 1, 0, 0, 1, 1, 0, 0]
B09QFSMBQP	[12, 0, 15, 8, 3, 0, 1, 0, 0, 0]
B07DQHXY26	[5, 2, 5, 6, 0, 1, 0, 0, 0, 0]
B08F9H7P2L	[13, 2, 10, 5, 0, 1, 3, 0, 0, 0]
B09HY5797K	[2, 0, 0, 0, 0, 0, 0, 0, 0, 0]
B09TFWGXCQ	[12, 0, 15, 8, 3, 0, 1, 0, 0, 0]
B079LTP355	[0, 0, 2, 0, 0, 0, 0, 0, 0, 0]
B08NCRMZ9N	[3, 0, 4, 2, 1, 0, 1, 0, 0, 0]
B0783R4Q82	[4, 0, 4, 0, 0, 0, 0, 0, 0, 0]
B0854MV7WG	[5, 3, 13, 4, 1, 3, 1, 1, 0, 0]
B07Q753LK8	[20, 4, 38, 3, 0, 4, 2, 0, 2, 0]
B09HL7G5V5	[12, 0, 15, 8, 3, 0, 1, 0, 0, 0]
B08V3LTDRV	[2, 0, 0, 1, 0, 0, 0, 0, 0, 0]
B08LQYD9BL	[4, 1, 4, 3, 0, 0, 0, 0, 0, 0]
B07VWB6S2Q	[4, 3, 14, 4, 1, 3, 1, 1, 1, 0]
B091G9DGJH	[3, 0, 4, 2, 1, 0, 1, 0, 0, 0]
B095HYRG16	[1, 0, 0, 20, 1, 0, 1, 0, 0, 0]
B099G3PTKW	[0, 0, 0, 0, 0, 0, 0, 0, 0, 0]
B091CZK9FB	[0, 3, 5, 8, 1, 0, 0, 0, 1, 0]
B0982TDSF5	[6, 3, 13, 3, 1, 3, 1, 1, 1, 0]
B07H25BSCN	[82, 19, 151, 9, 3, 25, 4, 4, 1, 1]
B08BJC37VH	[2, 0, 0, 1, 0, 0, 0, 0, 0, 0]
B0799ZLCD9	[3, 2, 9, 1, 0, 1, 0, 0, 0, 1]
B08WHRM4SP	[3, 4, 18, 5, 0, 0, 0, 1, 0, 0]
B084Z3GYZ5	[0, 1, 2, 0, 0, 1, 0, 0, 0, 0]
B09S1DXSR1	[2, 0, 3, 0, 0, 0, 0, 0, 0, 0]
B08T9WXDG8	[6, 2, 0, 0, 0, 0, 0, 0, 0, 0]
B09T96DBFZ	[7, 2, 2, 0, 0, 0, 0, 0, 0, 0]
B09CZBYZ17	[0, 0, 2, 1, 0, 0, 0, 0, 0, 0]
B09JL3VPQ2	[3, 0, 4, 0, 1, 2, 0, 1, 0, 0]
B09CJPFTT8	[1, 0, 4, 7, 0, 0, 0, 0, 0, 0]
B092MR6L8N	[8, 0, 10, 5, 0, 1, 1, 0, 0, 0]
B08D6ZMGN2	[9, 4, 9, 5, 0, 1, 1, 0, 0, 0]
B08HMMHVQN	[7, 0, 6, 1, 0, 0, 0, 1, 0, 1]
B081264BFT	[0, 0, 0, 0, 0, 0, 0, 0, 0, 0]
B094DV988N	[7, 1, 11, 5, 1, 4, 2, 2, 0, 1]
B07N81VFVT	[0, 3, 4, 5, 0, 3, 1, 2, 1, 0]
B08MDX2HDR	[3, 3, 12, 5, 1, 3, 1, 1, 1, 0]
B09MDLKN41	[2, 4, 17, 7, 2, 1, 0, 0, 0, 0]
B08LDWY61J	[0, 0, 0, 0, 0, 0, 0, 0, 0, 0]
B092DT5HVT	[0, 0, 0, 0, 0, 0, 0, 0, 0, 0]
B07YZSDL8R	[0, 0, 17, 0, 0, 0, 0, 0, 0, 0]
B07C7WTDY8	[13, 7, 46, 11, 1, 4, 3, 2, 2, 1]
B08XLQHBGF	[3, 0, 1, 2, 0, 2, 0, 0, 0, 0]
B07ZKDJHJ1	[10, 4, 12, 14, 3, 6, 1, 5, 1, 1]
B08D6YJZLL	[1, 0, 2, 1, 0, 0, 0, 0, 0, 0]
B07DLJVXRY	[0, 0, 0, 0, 0, 0, 0, 0, 0, 0]
B0793S5N4W	[0, 0, 2, 4, 1, 0, 1, 0, 0, 0]
B085LFDBBZ	[8, 1, 1, 7, 1, 1, 0, 0, 0, 0]
B07DD58XX5	[4, 0, 5, 6, 0, 1, 1, 0, 0, 1]
B08W8TCPWF	[1, 2, 2, 0, 0, 0, 0, 0, 0, 0]
B08V7GSV11	[3, 3, 11, 1, 0, 2, 2, 0, 1, 1]
B08VJMYDV5	[6, 1, 11, 7, 1, 0, 0, 0, 0, 0]
B08Q8RD24X	[3, 0, 5, 1, 1, 0, 1, 0, 0, 0]
B01HFZI9AK	[10, 0, 5, 4, 0, 1, 1, 0, 0, 0]
B08N8PQ81H	[1, 1, 0, 0, 0, 0, 0, 0, 0, 0]
B09PRQ4G8F	[0, 1, 1, 1, 0, 0, 0, 1, 0, 0]
B07WK87VBD	[3, 5, 4, 0, 2, 2, 2, 4, 3, 1]
B08YD8461R	[2, 15, 11, 0, 0, 0, 0, 1, 0, 0]
B09HN7GLDP	[2, 0, 1, 0, 0, 0, 0, 0, 0, 0]
B08SHCNN3S	[3, 3, 3, 12, 1, 3, 2, 0, 1, 0]
B098NJR2J9	[4, 0, 6, 3, 0, 1, 2, 0, 0, 0]
B08TMSG9FM	[0, 0, 0, 0, 0, 0, 0, 0, 0, 0]
B08KHPJHVK	[3, 0, 4, 2, 1, 0, 1, 0, 0, 0]
B08D6YFY65	[1, 0, 2, 1, 0, 0, 0, 0, 0, 0]
B08JV9RT7H	[4, 0, 4, 1, 0, 0, 0, 0, 0, 0]
B09R4RJHV4	[20, 4, 38, 3, 0, 4, 2, 0, 2, 0]
B09JDKL3SN	[20, 4, 38, 3, 0, 4, 2, 0, 2, 0]
B094TCQMG4	[2, 0, 0, 1, 0, 0, 0, 0, 0, 0]
B09GPWMFQK	[7, 3, 21, 12, 3, 2, 1, 0, 0, 0]
B08HR3WTGM	[0, 2, 1, 2, 0, 1, 0, 0, 0, 0]
B075977QQY	[1, 0, 2, 1, 0, 0, 0, 0, 0, 0]
B08JH5DRT4	[3, 0, 4, 2, 1, 0, 1, 0, 0, 0]
B087XBQBRW	[1, 2, 2, 0, 0, 0, 0, 0, 0, 0]
B08D6YP7W6	[1, 0, 2, 1, 0, 0, 0, 0, 0, 0]
B08TC5W4ZP	[5, 3, 12, 5, 1, 3, 1, 1, 1, 0]
B09MKW8C2J	[5, 0, 8, 7, 1, 0, 2, 0, 0, 0]
B093NCZBW6	[4, 0, 11, 0, 0, 1, 1, 2, 0, 0]
B09Q6GRR1Q	[8, 0, 4, 4, 0, 0, 1, 0, 0, 0]
B096YNM9PP	[3, 0, 4, 2, 1, 0, 1, 0, 0, 0]
B087TG6HX7	[3, 0, 2, 0, 0, 0, 0, 0, 0, 0]
B08WH7S6NJ	[0, 0, 0, 1, 0, 0, 0, 0, 0, 0]
B09FNNX8LZ	[2, 0, 2, 2, 0, 0, 1, 0, 0, 0]
B08FFQK31D	[6, 3, 8, 20, 0, 2, 2, 2, 8, 1]
B07RT759Z9	[1, 0, 2, 1, 0, 0, 0, 0, 0, 0]
B09NP2MJRR	[1, 0, 5, 1, 0, 1, 2, 0, 0, 0]
B081NS811N	[0, 0, 1, 0, 0, 0, 0, 0, 0, 0]
B083KN8JK8	[20, 4, 38, 3, 0, 4, 2, 0, 2, 0]
B083KLH86T	[20, 4, 38, 3, 0, 4, 2, 0, 2, 0]
B08P3P97SX	[2, 3, 2, 2, 1, 2, 0, 0, 1, 0]
B08BG6JQPD	[0, 0, 1, 2, 0, 0, 0, 0, 0, 0]
B091Q8KW8H	[6, 3, 12, 6, 1, 5, 1, 2, 1, 1]
B09DL5QTN4	[3, 1, 2, 2, 0, 1, 0, 0, 1, 0]
B07LCQ5JT7	[13, 3, 13, 6, 1, 0, 2, 0, 0, 1]
B084JB1G1V	[2, 0, 1, 0, 0, 0, 0, 0, 0, 0]
B08D6ZJPTB	[1, 0, 2, 1, 0, 0, 0, 0, 0, 0]
B09BTX78H3	[2, 0, 0, 1, 0, 0, 0, 0, 0, 0]
B083M8JWXP	[20, 4, 38, 3, 0, 4, 2, 0, 2, 0]
B09H3NGC33	[2, 0, 0, 1, 0, 0, 0, 0, 0, 0]
B08Z78YVRY	[0, 0, 0, 0, 0, 0, 0, 0, 0, 0]
B077KHD3T9	[0, 0, 1, 1, 0, 0, 0, 0, 0, 0]
B091V32NN6	[7, 5, 13, 10, 3, 2, 3, 1, 1, 0]
B0757H679T	[1, 0, 2, 1, 0, 0, 0, 0, 0, 0]
B07YGZFJ4S	[16, 0, 46, 4, 0, 6, 15, 0, 0, 0]
B07YQ67Q38	[0, 0, 1, 1, 0, 0, 0, 0, 0, 0]
B09NP19JNQ	[1, 0, 5, 1, 0, 1, 2, 0, 0, 0]
B08XQRWX7D	[0, 0, 1, 0, 0, 0, 0, 0, 0, 0]
B08P3X5L82	[16, 10, 38, 8, 1, 6, 2, 1, 2, 0]
B094DL9P9S	[3, 0, 4, 2, 1, 0, 1, 0, 0, 0]
B08CVKFW8M	[0, 0, 0, 0, 0, 3, 3, 5, 3, 1]
B08FBL36NL	[1, 4, 4, 5, 1, 0, 0, 0, 0, 0]
B08BFT3MPD	[19, 2, 12, 4, 0, 5, 1, 1, 0, 0]
B086KTCSJ4	[3, 0, 4, 2, 1, 0, 1, 0, 0, 0]
B07YBJQ9RX	[24, 4, 27, 4, 1, 4, 2, 0, 2, 1]
B01M5E92TH	[1, 0, 2, 1, 0, 0, 0, 0, 0, 0]
B07M67K3K8	[6, 2, 8, 1, 0, 1, 0, 0, 1, 1]
B08S5QVZ31	[2, 0, 5, 3, 0, 0, 1, 0, 0, 0]
B071JQQNFG	[10, 0, 18, 8, 2, 1, 2, 0, 0, 0]
B09SB4ZK11	[9, 5, 19, 5, 1, 2, 4, 1, 1, 0]
B09QMRK2L3	[0, 0, 0, 2, 0, 0, 0, 0, 0, 0]
B082VJT2LN	[1, 0, 2, 0, 0, 1, 0, 0, 0, 0]
B084QCNKYN	[0, 0, 1, 3, 0, 3, 1, 1, 0, 0]
B095VKB55Q	[3, 0, 4, 2, 1, 0, 1, 0, 0, 0]
B074TV61DK	[2, 0, 1, 0, 0, 0, 0, 0, 0, 0]
B082RHKK8M	[0, 0, 1, 4, 0, 3, 1, 1, 0, 0]
B09BBNJYN3	[0, 0, 0, 0, 0, 0, 0, 0, 0, 0]
B073GVHDL5	[4, 2, 6, 6, 3, 0, 1, 0, 0, 0]
B09T3S1RXF	[2, 0, 1, 1, 0, 0, 0, 0, 0, 0]
B08LHCH5YZ	[0, 0, 1, 0, 0, 0, 0, 0, 0, 0]
B08KF65CRY	[12, 11, 35, 27, 8, 14, 5, 5, 3, 3]
B09BZMNYVF	[1, 0, 5, 2, 1, 2, 3, 0, 1, 0]
B083JH5RWD	[3, 0, 4, 2, 1, 0, 1, 0, 0, 0]
B08SHZTB4Y	[15, 2, 8, 6, 0, 3, 0, 0, 0, 0]
B0969DBRVS	[13, 1, 17, 8, 0, 0, 0, 0, 1, 0]
B01N7U5AXE	[7, 0, 9, 4, 0, 1, 3, 0, 0, 0]
B07Y8K18C5	[3, 0, 6, 1, 0, 3, 0, 0, 0, 0]
B08CX7F844	[4, 0, 5, 2, 0, 1, 0, 0, 0, 0]
B07FMWPJXX	[5, 0, 3, 3, 0, 0, 0, 1, 0, 0]
B07BBJFDCC	[10, 6, 22, 12, 0, 0, 1, 2, 1, 0]
B07Y66NF7R	[24, 11, 36, 4, 0, 10, 2, 7, 3, 4]
B01EIQX6Y8	[6, 1, 7, 3, 0, 2, 3, 0, 0, 0]
B08JVDJD5S	[0, 0, 0, 0, 0, 0, 0, 0, 0, 0]
B083F3PBMM	[3, 0, 4, 2, 1, 0, 1, 0, 0, 0]
B08MMH5HCS	[3, 0, 4, 2, 1, 0, 1, 0, 0, 0]
B09JWZ33ZX	[6, 3, 14, 5, 1, 3, 1, 1, 1, 0]
B08KGZQSP8	[0, 0, 0, 0, 0, 0, 0, 0, 0, 0]
B08JG1ZD2R	[2, 0, 0, 1, 0, 0, 0, 0, 0, 0]
B0822WWL4W	[0, 0, 1, 4, 0, 3, 1, 1, 0, 0]
B08JD3K1DD	[4, 0, 1, 1, 0, 0, 0, 0, 0, 0]
B07XTNR9G1	[5, 0, 8, 7, 1, 0, 2, 0, 0, 0]
B08ZQH9M4P	[2, 0, 2, 0, 0, 0, 0, 0, 0, 0]
B09J99GGR6	[12, 0, 15, 8, 3, 0, 1, 0, 0, 0]
B08QZ9GSTF	[4, 3, 14, 6, 1, 3, 1, 1, 0, 0]
B09DS3XV4C	[8, 4, 18, 5, 1, 2, 2, 1, 0, 0]
B09CQYH8RY	[2, 0, 0, 0, 0, 0, 0, 0, 0, 0]
B08D6XJ6K1	[1, 0, 2, 1, 0, 0, 0, 0, 0, 0]
B08BDPR3T5	[1, 3, 7, 0, 0, 0, 0, 0, 1, 0]
B08C6Z4C3R	[4, 0, 1, 0, 0, 1, 0, 0, 0, 0]
B085Q73KM8	[0, 0, 0, 0, 0, 0, 0, 0, 0, 0]
B08KGCT1NF	[1, 0, 0, 1, 0, 0, 0, 0, 0, 0]
B09RPY78SZ	[12, 0, 15, 8, 3, 0, 1, 0, 0, 0]
B09HSL543S	[1, 3, 1, 5, 1, 0, 0, 0, 1, 0]
B08L9PCMQ4	[2, 0, 0, 5, 0, 0, 0, 0, 0, 0]
B06ZXRYZMP	[3, 4, 12, 6, 2, 1, 0, 0, 1, 2]
B08XY19JMH	[3, 0, 1, 2, 0, 2, 0, 0, 0, 0]
B08C6GXLKG	[11, 0, 13, 1, 5, 5, 0, 1, 0, 0]
B08428BHKR	[1, 4, 0, 5, 0, 0, 0, 0, 0, 0]
B096BFZG8V	[0, 0, 0, 0, 0, 0, 0, 0, 0, 0]
B08Y98X6ZH	[0, 0, 0, 2, 0, 0, 0, 0, 0, 0]
B09NCC3PFT	[8, 6, 11, 8, 1, 2, 3, 0, 1, 0]
B06XYYRQ3R	[1, 0, 2, 1, 0, 0, 0, 0, 0, 0]
B08Q7XWBXM	[15, 8, 1, 1, 1, 2, 0, 0, 0, 0]
B07YX6KR65	[3, 0, 4, 2, 1, 0, 1, 0, 0, 0]
B081D46294	[2, 0, 12, 4, 0, 3, 3, 6, 4, 0]
B09JQ879CX	[4, 4, 19, 6, 0, 4, 2, 3, 1, 2]
B084RF6ZPW	[0, 1, 0, 1, 0, 0, 0, 0, 0, 0]
B089VJHBFR	[9, 5, 10, 1, 2, 2, 0, 0, 0, 0]
B08FJH8SDX	[6, 0, 15, 0, 0, 4, 1, 2, 0, 0]
B095P311XY	[1, 0, 0, 20, 1, 0, 1, 0, 0, 0]
B089ZVRH6R	[0, 0, 0, 0, 0, 0, 0, 0, 0, 0]
B078W199Z3	[0, 0, 0, 0, 0, 0, 0, 0, 0, 0]
B08P1Z2SLD	[0, 0, 0, 0, 0, 0, 0, 0, 0, 0]
B09P5CKD53	[1, 0, 5, 1, 0, 1, 2, 0, 0, 0]
B08358FV34	[3, 0, 4, 2, 1, 0, 1, 0, 0, 0]
B08WRHCTB1	[3, 0, 4, 2, 1, 0, 1, 0, 0, 0]
B07S685RR4	[1, 2, 3, 0, 1, 1, 0, 0, 1, 0]
B07ZB3DZ7W	[5, 1, 5, 15, 0, 2, 2, 0, 2, 0]
B07QX1X611	[0, 0, 0, 1, 0, 0, 0, 0, 0, 0]
B078NV8P7G	[1, 2, 3, 0, 0, 0, 0, 0, 0, 0]
B07P462R7T	[12, 4, 12, 6, 4, 9, 4, 2, 2, 0]
B0933LTRMD	[0, 0, 0, 0, 0, 0, 0, 0, 0, 0]
B0971RT8R5	[1, 0, 2, 1, 0, 0, 0, 0, 0, 0]
B0813WQN2N	[1, 0, 1, 0, 2, 1, 1, 0, 0, 0]
B081QM45WS	[3, 0, 4, 2, 1, 0, 1, 0, 0, 0]
B082VHWFWW	[6, 4, 16, 4, 0, 0, 2, 3, 0, 1]
B01EIQOOUS	[2, 1, 0, 52, 0, 0, 0, 0, 0, 0]
B08R5J8T1G	[14, 5, 32, 10, 3, 2, 9, 1, 2, 0]
B08YYB9FKR	[4, 2, 4, 1, 0, 4, 0, 2, 2, 0]
B09PZ94PSC	[2, 1, 10, 2, 1, 1, 2, 0, 0, 0]
B0719TQV6W	[0, 0, 0, 2, 0, 0, 0, 0, 0, 0]
B01N9A5MAD	[2, 2, 4, 3, 0, 0, 2, 1, 0, 0]
B09QH1R349	[6, 4, 2, 0, 1, 2, 0, 0, 0, 0]
B09PGRRJ4P	[1, 5, 6, 11, 0, 0, 0, 0, 1, 0]
B08LQYB86Q	[0, 0, 0, 1, 0, 0, 0, 0, 0, 0]
B071ND6PPL	[1, 0, 2, 1, 0, 0, 0, 0, 0, 0]
B08BFVYN8Z	[19, 2, 12, 3, 0, 5, 1, 1, 0, 0]
B073N8Q7RW	[6, 0, 3, 5, 0, 4, 4, 0, 0, 0]
B01BI9JO1W	[0, 0, 0, 0, 0, 0, 0, 0, 0, 0]
B06XWNGRRL	[3, 5, 3, 3, 1, 2, 3, 7, 3, 2]
B075L35YDY	[1, 0, 2, 1, 0, 0, 0, 0, 0, 0]
B08YRX7JS3	[0, 1, 0, 0, 0, 1, 0, 0, 0, 0]
B09CS6KX4L	[27, 5, 15, 1, 5, 1, 1, 1, 2, 0]
B09JZSMVG9	[8, 1, 10, 3, 0, 0, 1, 1, 0, 0]
B073TSSNK4	[1, 0, 2, 1, 0, 0, 0, 0, 0, 0]
B08PTRBJ63	[1, 0, 1, 1, 0, 1, 0, 0, 0, 0]
B09CQ995C8	[12, 0, 14, 8, 3, 0, 1, 0, 0, 0]
B07JN28CF7	[1, 0, 2, 1, 0, 0, 0, 0, 0, 0]
B073VQT9P4	[4, 3, 14, 4, 1, 3, 1, 1, 1, 0]
B07KC56TFC	[2, 0, 1, 2, 0, 0, 1, 0, 0, 0]
B08Q7ZV79K	[2, 0, 1, 2, 0, 3, 0, 0, 0, 0]
B075KY8LPR	[1, 0, 2, 1, 0, 0, 0, 0, 0, 0]
B08127ZTCN	[0, 0, 0, 0, 0, 0, 0, 0, 0, 0]
B0875TGD8N	[1, 0, 0, 20, 1, 0, 1, 0, 0, 0]
B08LHBPPB8	[2, 0, 0, 5, 0, 0, 0, 0, 0, 0]
B08XMX8L14	[1, 0, 2, 1, 0, 0, 0, 0, 0, 0]
B07YNV33LP	[0, 0, 0, 0, 0, 0, 0, 0, 0, 0]
B075V2PX4Z	[1, 0, 2, 1, 0, 0, 0, 0, 0, 0]
B08LG7D1V3	[2, 0, 0, 5, 0, 0, 0, 0, 0, 0]
B096YNPQ29	[3, 0, 4, 2, 1, 0, 1, 0, 0, 0]
B09DG5Y7C5	[0, 0, 0, 2, 0, 0, 0, 0, 0, 0]
B09KP384LX	[12, 0, 14, 8, 3, 0, 1, 0, 0, 0]
B08SJDRFT6	[0, 0, 0, 0, 0, 0, 0, 0, 0, 0]
B09TTT1DRT	[0, 0, 2, 2, 0, 0, 0, 0, 0, 0]
B08Q4L4586	[4, 1, 5, 3, 1, 0, 0, 0, 0, 0]
B07ZL468XB	[2, 0, 2, 2, 0, 0, 1, 0, 0, 0]
B09QSBS9W5	[0, 0, 0, 2, 0, 0, 0, 0, 0, 0]
B071KX1Q9M	[1, 0, 2, 1, 0, 0, 0, 0, 0, 0]
B07L9W8RTZ	[13, 3, 9, 4, 0, 1, 0, 2, 1, 1]
B08NF5Y41K	[0, 1, 1, 1, 0, 0, 0, 1, 0, 0]
B086LKTX2W	[3, 0, 4, 3, 1, 0, 1, 0, 0, 0]
B076B3BWSD	[1, 0, 4, 2, 0, 1, 0, 0, 0, 0]
B09TRQCNGX	[0, 0, 0, 0, 0, 0, 0, 0, 0, 0]
B07ZPFGPS1	[5, 2, 9, 1, 0, 2, 0, 0, 0, 0]
B07XKWR15N	[0, 0, 0, 0, 0, 0, 0, 0, 0, 0]
B09NL8LBCZ	[0, 0, 0, 0, 0, 0, 0, 0, 0, 0]
B07SSX3PFT	[3, 0, 4, 0, 0, 0, 0, 0, 0, 0]
B075W6WW4K	[1, 0, 2, 1, 0, 0, 0, 0, 0, 0]
B08667R388	[0, 0, 0, 0, 0, 0, 0, 0, 0, 0]
B08373WSYL	[3, 0, 4, 2, 1, 0, 1, 0, 0, 0]
B01HA3HAH0	[6, 4, 8, 11, 2, 2, 1, 1, 2, 1]
B07KCPWH27	[22, 1, 17, 1, 1, 4, 2, 1, 1, 0]
B086VRCJ9H	[5, 1, 7, 9, 0, 3, 0, 0, 0, 0]
B09TLXGRZS	[1, 0, 0, 20, 1, 0, 1, 0, 0, 0]
B085RZNF1B	[3, 0, 4, 3, 0, 1, 0, 0, 0, 0]
B09KTMKY7Y	[8, 5, 17, 10, 1, 3, 4, 1, 1, 0]
B082ZSTLCQ	[0, 0, 0, 0, 0, 0, 0, 0, 0, 0]
B09DMVBL2F	[6, 24, 37, 2, 0, 0, 2, 1, 0, 1]
B08Q4JXR18	[10, 5, 20, 8, 1, 3, 1, 0, 1, 0]
B09V6JVCCC	[8, 5, 19, 5, 2, 2, 4, 0, 0, 1]
B0843V95G1	[6, 0, 0, 0, 0, 0, 0, 0, 0, 0]
B09GKWSKN5	[3, 2, 5, 4, 0, 1, 1, 0, 0, 0]
B07VHJ4Z55	[2, 2, 4, 1, 0, 2, 2, 1, 1, 1]
B084WWRS98	[3, 2, 7, 3, 2, 2, 2, 2, 1, 0]
B097CLRRH4	[2, 0, 0, 0, 0, 0, 0, 0, 0, 0]
B0756V9CYL	[1, 0, 2, 1, 0, 0, 0, 0, 0, 0]
B098YZGYJQ	[0, 1, 0, 60, 0, 0, 0, 0, 0, 0]
B07WXHLJFW	[4, 0, 3, 2, 0, 0, 0, 1, 0, 0]
B0831TTT8S	[3, 0, 4, 2, 1, 0, 1, 0, 0, 0]
B09MSQSSG7	[9, 5, 2, 1, 1, 2, 0, 0, 0, 0]
B06X3X121G	[6, 3, 12, 4, 1, 3, 1, 1, 0, 0]
B08G9ZH858	[9, 5, 2, 0, 1, 2, 0, 0, 0, 0]
B07CTSNCDG	[0, 0, 1, 8, 0, 0, 0, 0, 0, 0]
B08WJDGCY2	[0, 0, 0, 0, 0, 0, 0, 0, 0, 0]
B0949FJ3PD	[0, 0, 0, 0, 0, 0, 0, 0, 0, 0]
B08L9K5CQN	[3, 0, 4, 2, 1, 0, 1, 0, 0, 0]
B086LLF42X	[3, 0, 4, 3, 1, 0, 1, 0, 0, 0]
B08KTR1NM3	[8, 0, 3, 2, 0, 0, 0, 1, 0, 0]
B07WXKY717	[20, 4, 38, 3, 0, 4, 2, 0, 2, 0]
B08W1P6XZZ	[0, 0, 0, 0, 0, 0, 0, 0, 0, 0]
B08339RQFK	[0, 0, 0, 0, 0, 0, 0, 0, 0, 0]
B08256PQT5	[4, 3, 14, 7, 1, 3, 1, 1, 0, 0]
B084P6855P	[2, 2, 7, 2, 1, 0, 0, 1, 0, 1]
B09JZPQHSF	[2, 0, 0, 0, 0, 0, 0, 0, 0, 0]
B08THYGWV4	[0, 1, 0, 46, 0, 0, 0, 0, 0, 0]
B072N52K5Y	[5, 2, 4, 2, 1, 2, 0, 0, 0, 0]
B09N8T9CF8	[0, 0, 1, 0, 0, 0, 0, 0, 0, 0]
B09QH5JYZR	[1, 0, 0, 20, 1, 0, 1, 0, 0, 0]
B07N75NVKP	[3, 0, 8, 2, 0, 0, 0, 0, 0, 0]
B07ZDHLJ1V	[0, 0, 1, 0, 0, 0, 0, 0, 0, 0]
B09N9V1YWF	[0, 0, 1, 0, 0, 0, 0, 0, 0, 0]
B09NP5WZJR	[1, 0, 5, 1, 0, 1, 2, 0, 0, 0]
B08DXW7F7T	[3, 3, 3, 12, 1, 3, 2, 0, 1, 0]
B07JMJ3WRV	[1, 0, 2, 1, 0, 0, 0, 0, 0, 0]
B09J1WBCGP	[13, 0, 17, 6, 3, 0, 1, 0, 0, 0]
B08VJJMQW4	[4, 0, 3, 2, 0, 0, 0, 1, 0, 0]
B0772J1QKB	[8, 0, 2, 1, 0, 0, 0, 0, 0, 0]
B085CKYWVP	[3, 0, 4, 3, 1, 0, 1, 0, 0, 0]
B06ZYCJJQS	[39, 15, 30, 10, 0, 4, 5, 3, 2, 2]
B08RX34YJW	[1, 0, 0, 21, 1, 0, 1, 0, 0, 0]
B086MT7THB	[3, 7, 17, 4, 0, 1, 3, 1, 2, 1]
B08M6G192Y	[1, 0, 0, 21, 1, 0, 1, 0, 0, 0]
B08F7XNGTT	[1, 1, 1, 0, 0, 0, 0, 0, 0, 0]
B08H7Y68HS	[0, 0, 0, 0, 0, 0, 0, 0, 0, 0]
B08GF2VW9F	[3, 0, 4, 2, 1, 0, 1, 0, 0, 0]
B07QJ29YNL	[9, 0, 4, 0, 1, 1, 0, 0, 0, 0]
B08PMGHZ4T	[8, 1, 10, 7, 1, 1, 1, 0, 1, 0]
B088KS424Z	[1, 0, 0, 21, 1, 0, 1, 0, 0, 0]
B07W7MY2FQ	[8, 1, 4, 1, 1, 1, 0, 0, 0, 0]
B09JSV35D8	[8, 5, 17, 6, 1, 3, 3, 1, 1, 0]
B08RZ9C5FF	[0, 0, 0, 0, 0, 0, 0, 0, 0, 0]
B09NM9YN5W	[1, 0, 5, 2, 0, 0, 0, 0, 0, 0]
B075GHHW5X	[1, 0, 2, 1, 0, 0, 0, 0, 0, 0]
B0839MVBLF	[0, 1, 0, 44, 0, 0, 0, 0, 0, 0]
B01J909TG2	[5, 1, 7, 3, 1, 0, 0, 0, 0, 0]
B092LC2M46	[0, 0, 0, 1, 0, 0, 0, 0, 0, 0]
B098BQH81R	[3, 0, 0, 0, 0, 1, 0, 0, 0, 0]
B07Z9F1NWD	[5, 0, 1, 0, 0, 3, 1, 0, 0, 0]
B0874G8SSH	[3, 0, 4, 2, 1, 0, 1, 0, 0, 0]
B08S6W5HBD	[8, 4, 18, 8, 1, 3, 3, 1, 1, 0]
B08X1V953Y	[5, 0, 3, 0, 0, 0, 0, 1, 0, 0]
B099SBFXKX	[3, 0, 4, 2, 1, 0, 1, 0, 0, 0]
B083MRXPNJ	[3, 0, 4, 2, 1, 0, 1, 0, 0, 0]
B08V5FF41W	[3, 3, 11, 1, 0, 2, 2, 0, 1, 1]
B085397594	[0, 0, 0, 0, 0, 0, 0, 0, 0, 0]
B01EJJFWV4	[7, 4, 5, 3, 1, 2, 4, 1, 0, 1]
B09MSK4PZW	[1, 0, 0, 20, 1, 0, 1, 0, 0, 0]
B0855ZZB3H	[0, 0, 0, 0, 1, 0, 0, 0, 0, 0]
B08L3DT6Q7	[8, 1, 1, 7, 1, 1, 0, 0, 0, 0]
B08DRPHFYB	[1, 0, 10, 4, 0, 0, 0, 0, 0, 0]
B07NPL2HYF	[1, 0, 0, 0, 0, 0, 0, 0, 0, 0]
B08LH81NYW	[2, 0, 0, 5, 0, 0, 0, 0, 0, 0]
B098QX42DX	[1, 0, 1, 1, 0, 1, 0, 0, 0, 0]
B07P7716D6	[0, 0, 0, 0, 0, 0, 0, 0, 0, 0]
B09Q9CNKV8	[5, 2, 8, 2, 0, 4, 2, 3, 4, 2]
B083KNSDND	[20, 4, 38, 3, 0, 4, 2, 0, 2, 0]
B09J1TRFX5	[8, 2, 25, 2, 0, 2, 1, 0, 0, 0]
B09H7J6GCG	[0, 0, 0, 0, 0, 0, 0, 0, 0, 0]
B083JFYMJB	[3, 0, 4, 2, 1, 0, 1, 0, 0, 0]
B08FCQ9SYS	[1, 4, 4, 5, 1, 0, 0, 0, 0, 0]
B09FDL7P7V	[8, 5, 18, 8, 1, 3, 3, 1, 1, 0]
B09642ZX6Q	[3, 0, 4, 2, 1, 0, 1, 0, 0, 0]
B08ZNM9W4B	[3, 0, 4, 2, 1, 0, 1, 0, 0, 0]
B088KQLQNY	[3, 0, 4, 2, 1, 0, 1, 0, 0, 0]
B0843G449K	[3, 0, 4, 2, 1, 0, 1, 0, 0, 0]
B08D6ZCMB3	[1, 0, 2, 1, 0, 0, 0, 0, 0, 0]
B09H7697CD	[18, 1, 9, 3, 0, 1, 1, 0, 1, 1]
B09GV1GM48	[0, 1, 0, 0, 0, 0, 0, 0, 0, 0]
B097W7TG39	[0, 0, 0, 2, 0, 0, 0, 0, 0, 0]
B0851NVFWL	[3, 0, 4, 2, 1, 0, 1, 0, 0, 0]
B089JMVPZ3	[2, 0, 5, 4, 0, 0, 2, 0, 0, 0]
B07WC431Z8	[1, 4, 3, 2, 0, 1, 0, 0, 0, 0]
B09ML21HW9	[1, 0, 0, 20, 1, 0, 1, 0, 0, 0]
B08D6Y764X	[1, 0, 2, 1, 0, 0, 0, 0, 0, 0]
B08Z7J2SDK	[3, 0, 1, 1, 0, 1, 0, 1, 0, 0]
B09L2C7ND1	[0, 0, 29, 0, 0, 0, 0, 0, 0, 0]
B089WGQ153	[3, 0, 4, 2, 1, 0, 1, 0, 0, 0]
B09JDTF26T	[0, 0, 2, 0, 0, 0, 0, 0, 0, 0]
B09MV8ZDJD	[2, 0, 3, 1, 0, 0, 0, 0, 0, 0]
B08GM7SM4Z	[3, 0, 4, 3, 1, 0, 1, 0, 0, 0]
B085TCNKK7	[0, 0, 1, 3, 0, 0, 0, 0, 0, 0]
B08PW46JYN	[8, 1, 9, 2, 0, 0, 1, 1, 0, 0]
B07HHFM8ZJ	[15, 3, 18, 2, 2, 3, 3, 0, 0, 0]
B08S3XKKVT	[8, 1, 10, 2, 0, 0, 1, 1, 0, 0]
B08KYKX8T2	[1, 0, 0, 20, 1, 0, 1, 0, 0, 0]
B08WHCLVPD	[3, 0, 5, 1, 1, 0, 1, 0, 0, 0]
B08DDJCZRR	[6, 0, 15, 0, 0, 4, 1, 2, 0, 0]
B08G9NKKQN	[0, 0, 2, 0, 0, 0, 0, 0, 0, 0]
B0876DGBHT	[3, 0, 4, 2, 1, 0, 1, 0, 0, 0]
B01M4IB27W	[10, 3, 12, 23, 1, 3, 1, 2, 0, 0]
B09QT15LF4	[3, 6, 10, 3, 1, 1, 0, 0, 1, 0]
B06WW9MGCP	[1, 0, 6, 2, 0, 1, 2, 0, 0, 0]
B09JBNYGLQ	[1, 0, 1, 6, 0, 0, 0, 0, 2, 0]
B07TWRKJRW	[6, 0, 2, 4, 0, 2, 1, 0, 0, 0]
B08761QCKS	[3, 0, 4, 2, 1, 0, 1, 0, 0, 0]
B08R3MW81R	[0, 0, 0, 0, 0, 0, 0, 0, 0, 0]
B0833CJZFY	[0, 0, 0, 0, 0, 0, 0, 0, 0, 0]
B071Y5FT56	[2, 2, 1, 3, 0, 0, 0, 1, 0, 1]
B098BQTV7L	[7, 3, 3, 4, 1, 1, 0, 0, 0, 0]
B08K3NFNFW	[0, 6, 4, 1, 1, 2, 0, 0, 1, 0]
B09RQ4BRTM	[4, 3, 3, 2, 1, 2, 1, 0, 0, 0]
B08XNY5CKM	[7, 8, 9, 4, 1, 2, 0, 0, 0, 0]
B06WW2XQ68	[17, 10, 20, 16, 2, 6, 1, 2, 1, 0]
B097F31NY8	[2, 0, 0, 0, 0, 0, 0, 0, 0, 0]
B08Z2XMRHY	[3, 0, 1, 2, 0, 2, 0, 0, 0, 0]
B08BZP1M1G	[5, 4, 8, 2, 0, 3, 0, 0, 0, 0]
B08BW1B3S7	[18, 4, 28, 4, 1, 0, 0, 0, 0, 0]
B09PRND4T8	[2, 0, 3, 1, 0, 0, 0, 0, 0, 0]
B09SGRM61V	[2, 0, 3, 1, 0, 1, 0, 0, 0, 0]
B09P8YDMKM	[1, 0, 5, 1, 0, 1, 2, 0, 0, 0]
B0856R99KW	[3, 14, 18, 7, 2, 8, 2, 1, 4, 0]
B07NS1485R	[19, 4, 28, 21, 0, 4, 1, 3, 0, 2]
B07XDGPDB2	[7, 3, 10, 5, 1, 5, 1, 1, 1, 0]
B07TS1SQBD	[4, 5, 13, 4, 1, 2, 1, 0, 0, 1]
B09NP226NY	[1, 0, 5, 1, 0, 1, 2, 0, 0, 0]
B098TS6T51	[1, 0, 6, 2, 0, 0, 0, 1, 0, 0]
B08SVH22TR	[2, 0, 2, 2, 0, 2, 0, 0, 0, 0]
B092RN3NMB	[0, 0, 0, 0, 0, 0, 0, 0, 0, 0]
B08ZJKD2ZY	[0, 0, 0, 0, 0, 0, 0, 0, 0, 0]
B08HPSS3C5	[4, 0, 5, 3, 0, 1, 0, 0, 0, 0]
B08R6DWD6Y	[3, 0, 4, 2, 0, 1, 0, 0, 0, 0]
B075Q8G7VT	[1, 0, 2, 1, 0, 0, 0, 0, 0, 0]
B0722MF852	[1, 0, 2, 1, 0, 0, 0, 0, 0, 0]
B07XVQ8KSC	[0, 0, 0, 0, 0, 0, 0, 0, 0, 0]
B0843PW8LT	[4, 0, 4, 2, 1, 0, 1, 0, 0, 0]
B07CNWG478	[8, 2, 9, 2, 0, 3, 0, 0, 0, 0]
B09QB3VFNB	[9, 6, 1, 1, 1, 2, 0, 0, 0, 0]
B09NL9QD7F	[0, 0, 0, 0, 0, 0, 0, 0, 0, 0]
B0841HVH5L	[0, 0, 2, 0, 0, 0, 0, 0, 0, 0]
B09SVSRVT7	[0, 0, 0, 0, 0, 0, 0, 0, 0, 0]
B08NC95BVM	[0, 0, 0, 0, 0, 0, 0, 0, 0, 0]
B08CZRBS61	[1, 5, 6, 5, 0, 2, 0, 0, 0, 0]
B09P9VR42Q	[0, 0, 0, 0, 0, 0, 0, 0, 0, 0]
B094WFXS2B	[3, 0, 4, 0, 1, 2, 0, 1, 0, 0]
B07NK766W7	[1, 0, 2, 1, 0, 0, 1, 0, 0, 0]
B08BQK1B6L	[0, 0, 1, 1, 0, 0, 0, 0, 0, 0]
B095KLX6PB	[3, 0, 4, 0, 0, 0, 0, 0, 0, 0]
B08LP2HYVQ	[2, 0, 0, 5, 0, 0, 0, 0, 0, 0]
B099JK44XH	[8, 8, 13, 19, 0, 3, 1, 2, 0, 0]
B08S7QJNNM	[1, 0, 0, 20, 1, 0, 1, 0, 0, 0]
B07QV39D2V	[0, 0, 0, 1, 0, 0, 0, 0, 0, 0]
B085WRF96P	[4, 3, 14, 6, 1, 3, 1, 1, 0, 0]
B08DN46X8T	[22, 11, 14, 10, 0, 4, 3, 4, 2, 1]
B08RSCGLXZ	[3, 0, 2, 2, 0, 1, 0, 0, 0, 0]
B07L66BFF9	[1, 0, 0, 0, 0, 0, 0, 0, 0, 0]
B09K1YJCT6	[1, 0, 0, 1, 0, 0, 0, 0, 0, 0]
B08CS12KZM	[3, 0, 4, 2, 1, 0, 1, 0, 0, 0]
B08LVM1R6L	[12, 4, 11, 2, 0, 1, 0, 1, 1, 0]
B091FQVVVG	[0, 0, 0, 0, 0, 0, 0, 0, 0, 0]
B09SQ7Z6VH	[5, 0, 2, 0, 0, 0, 0, 0, 0, 0]
B09PZCTC84	[4, 3, 1, 3, 0, 2, 0, 0, 0, 0]
B09CVWVYRR	[0, 0, 1, 0, 0, 0, 0, 0, 0, 0]
B09RGB72TL	[2, 1, 0, 20, 1, 0, 1, 0, 0, 0]
B01NBOTEBW	[7, 2, 13, 11, 0, 3, 1, 0, 0, 0]
B06ZY9KFFK	[2, 0, 2, 0, 0, 0, 1, 0, 0, 0]
B08JHFB9XP	[3, 0, 4, 2, 1, 0, 1, 0, 0, 0]
B07449W67H	[5, 0, 3, 3, 1, 2, 2, 0, 0, 0]
B06Y3PSHQ3	[20, 3, 62, 7, 1, 6, 3, 2, 1, 1]
B09LMTNVHY	[11, 2, 13, 2, 0, 1, 0, 0, 0, 0]
B09F3R6KRB	[0, 0, 0, 0, 0, 0, 0, 0, 0, 0]
B09K4N5CR4	[2, 0, 0, 0, 0, 0, 0, 0, 0, 0]
B086P9J3MP	[1, 2, 2, 0, 0, 0, 0, 0, 0, 0]
B099K9BJ22	[0, 0, 0, 0, 0, 0, 0, 0, 0, 0]
B08WH5FLYL	[3, 0, 4, 3, 1, 0, 1, 0, 0, 0]
B08L3ZLWQC	[0, 0, 0, 0, 0, 0, 0, 0, 0, 0]
B01LZJ8S4R	[2, 15, 11, 0, 0, 0, 0, 1, 0, 0]
B08PDNBPRW	[0, 0, 0, 0, 0, 0, 0, 0, 0, 0]
B09P41N48H	[7, 6, 13, 6, 0, 0, 0, 0, 0, 0]
B095G7RLCP	[3, 0, 1, 2, 0, 2, 0, 0, 0, 0]
B075GW9W4Y	[0, 1, 3, 8, 1, 2, 2, 0, 0, 0]
B09732M4G5	[1, 0, 2, 1, 0, 0, 0, 0, 0, 0]
B07ZTSDJ45	[0, 0, 5, 0, 0, 0, 0, 0, 0, 0]
B075DXQFHN	[1, 0, 2, 1, 0, 0, 0, 0, 0, 0]
B09DT89CRL	[12, 0, 14, 8, 3, 0, 1, 0, 0, 0]
B083JGTZ9N	[3, 0, 4, 2, 1, 0, 1, 0, 0, 0]
B094769NWZ	[3, 0, 1, 2, 0, 2, 0, 0, 0, 0]
B09LMKT41S	[2, 5, 7, 3, 0, 0, 0, 0, 0, 0]
B09BBLKGLC	[3, 1, 4, 1, 0, 1, 0, 1, 0, 0]
B09D3W2RFQ	[0, 0, 0, 0, 0, 0, 0, 0, 0, 0]
B088HH2RSM	[1, 4, 3, 3, 0, 1, 1, 0, 1, 0]
B071DGGH17	[1, 0, 2, 1, 0, 0, 0, 0, 0, 0]
B01MQ2NPA2	[0, 0, 0, 0, 0, 0, 0, 0, 0, 0]
B08D6YV27J	[1, 0, 2, 1, 0, 0, 0, 0, 0, 0]
B07TF9WPG8	[2, 1, 6, 2, 0, 1, 0, 0, 0, 0]
B0765541GC	[1, 0, 1, 0, 0, 0, 0, 0, 0, 0]
B09NQHMS7Q	[1, 0, 5, 1, 0, 1, 2, 0, 0, 0]
B0897ZYBQX	[0, 0, 0, 5, 0, 0, 0, 0, 0, 0]
B09BTB83N8	[2, 0, 0, 1, 0, 0, 0, 0, 0, 0]
B071CZ9VRL	[4, 0, 4, 0, 0, 0, 0, 0, 0, 0]
B09S4RN5YQ	[20, 4, 38, 3, 0, 4, 2, 0, 2, 0]
B09G76DV65	[2, 0, 2, 1, 0, 0, 1, 0, 0, 0]
B08P5ZV3YP	[2, 5, 8, 1, 0, 1, 0, 0, 0, 0]
B09QTZ8SJ2	[4, 0, 11, 0, 0, 0, 1, 2, 0, 0]
B0888VQ2GX	[0, 1, 0, 0, 0, 0, 0, 0, 0, 0]
B0859WS7LW	[4, 6, 8, 14, 2, 2, 1, 1, 1, 0]
B07ZZN43V3	[2, 0, 0, 20, 1, 0, 1, 0, 0, 0]
B081NNH17S	[3, 0, 5, 2, 0, 1, 0, 0, 0, 0]
B07YSVRTSW	[0, 0, 0, 0, 0, 0, 0, 0, 0, 0]
B07K2T8K6S	[6, 3, 6, 2, 0, 1, 4, 0, 0, 0]
B08FZKYC57	[1, 3, 3, 9, 1, 2, 1, 1, 1, 0]
B075L8JCF9	[1, 0, 2, 1, 0, 0, 0, 0, 0, 0]
B074NY8FV6	[1, 0, 2, 1, 0, 0, 0, 0, 0, 0]
B08NYDP55R	[0, 1, 0, 37, 0, 0, 0, 0, 0, 0]
B09CLNWLRB	[1, 0, 5, 1, 0, 1, 2, 0, 0, 0]
B09RNCT4JG	[5, 0, 8, 7, 1, 0, 2, 0, 0, 0]
B09CLN5NHY	[1, 0, 5, 1, 0, 1, 2, 0, 0, 0]
B09P447T69	[7, 6, 13, 6, 0, 0, 0, 0, 0, 0]
B08LG46BVH	[3, 0, 4, 2, 1, 0, 1, 0, 0, 0]
B07WHSVZXL	[2, 0, 3, 3, 0, 0, 0, 0, 0, 0]
B09JGM9H1M	[5, 0, 8, 7, 1, 0, 2, 0, 0, 0]
B09NP1KW9G	[1, 0, 5, 1, 0, 1, 2, 0, 0, 0]
B07VNJ7CB8	[5, 4, 8, 4, 1, 1, 0, 0, 0, 0]
B08GC9RR9T	[0, 0, 0, 0, 0, 0, 0, 0, 0, 0]
B087V7R2CN	[3, 0, 4, 2, 1, 0, 1, 0, 0, 0]
B07PX3F7BB	[2, 0, 3, 0, 0, 0, 0, 0, 0, 0]
B01JTL2PYE	[0, 4, 0, 5, 0, 2, 2, 0, 0, 0]
B07HQVQQQN	[0, 0, 0, 0, 0, 0, 0, 0, 0, 0]
B0787HK4FN	[0, 0, 0, 0, 0, 0, 0, 0, 0, 0]
B075F37ZHM	[1, 0, 2, 1, 0, 0, 0, 0, 0, 0]
B08KGPX8XY	[3, 0, 4, 2, 1, 0, 1, 0, 0, 0]
B07SW8SP3C	[1, 1, 11, 5, 2, 3, 1, 0, 3, 0]
B08VNP4NKC	[0, 0, 0, 2, 0, 0, 0, 0, 0, 0]
B07X6H63QT	[0, 0, 0, 0, 0, 0, 0, 0, 0, 0]
B0979PQQ5G	[2, 5, 5, 2, 0, 1, 0, 0, 0, 0]
B08QNKPB16	[0, 1, 1, 2, 0, 2, 0, 0, 1, 0]
B09V1QTC7K	[0, 0, 2, 1, 0, 0, 0, 0, 0, 0]
B09NNTMTN5	[17, 5, 29, 7, 0, 6, 0, 1, 0, 2]
B09NPMSG2N	[8, 5, 16, 8, 1, 3, 3, 1, 1, 0]
B093LGGQ1Q	[0, 0, 0, 0, 0, 0, 0, 0, 0, 0]
B07YTV91CY	[17, 22, 22, 11, 0, 1, 0, 0, 0, 0]
B06WWK5PG1	[1, 0, 2, 1, 0, 0, 0, 0, 0, 0]
B08QB49XQM	[6, 0, 6, 1, 0, 1, 0, 0, 1, 0]
B09N9YJS73	[1, 5, 6, 11, 0, 0, 0, 0, 1, 0]
B096VMXLV8	[0, 2, 4, 1, 0, 0, 0, 0, 0, 0]
B07KRVSSZG	[0, 0, 0, 0, 0, 0, 0, 0, 0, 0]
B09MDLF7RH	[2, 0, 0, 1, 0, 0, 0, 0, 0, 0]
B071XHC4VX	[3, 2, 6, 2, 0, 1, 0, 0, 0, 0]
B09S6TZRGB	[2, 0, 1, 0, 0, 0, 0, 0, 0, 0]
B094WYVWHF	[3, 4, 18, 5, 0, 0, 0, 1, 0, 0]
B08DSLV14S	[3, 0, 4, 2, 1, 0, 1, 0, 0, 0]
B09P3Z2YV9	[7, 6, 13, 6, 0, 0, 0, 0, 0, 0]
B08FHT25L5	[0, 0, 0, 0, 0, 0, 0, 0, 0, 0]
B07RWDHWBP	[7, 1, 12, 3, 1, 3, 3, 0, 1, 0]
B06X6HBQ9J	[12, 2, 42, 5, 3, 2, 4, 1, 1, 0]
B08X9Y4SY2	[5, 1, 8, 2, 0, 0, 0, 1, 0, 1]
B07P1MMFRP	[2, 0, 1, 0, 0, 0, 0, 0, 0, 0]
B08V57QDQB	[0, 0, 0, 0, 0, 0, 0, 0, 0, 0]
B092WTQP7D	[3, 2, 7, 4, 0, 0, 0, 0, 0, 0]
B0853DQDB5	[1, 0, 1, 0, 0, 0, 0, 0, 0, 0]
B09PVLM4HD	[2, 0, 3, 1, 0, 0, 0, 0, 0, 0]
B09RGDGHFH	[11, 4, 16, 7, 3, 1, 3, 0, 0, 0]
B07P9F1VT2	[20, 4, 38, 3, 0, 4, 2, 0, 2, 0]
B07DXG1ZVJ	[3, 2, 9, 1, 0, 1, 0, 0, 0, 1]
B0824WC43Z	[12, 4, 10, 16, 1, 0, 1, 0, 0, 0]
B08YKCYW9W	[9, 0, 4, 0, 1, 1, 0, 0, 0, 0]
B09JRX1SB6	[1, 0, 3, 4, 0, 0, 0, 1, 0, 0]
B09JKYQBC9	[0, 0, 0, 0, 0, 0, 0, 0, 0, 0]
B08R6FH5FM	[0, 0, 0, 0, 0, 0, 0, 0, 0, 0]
B07HRG2YMH	[0, 0, 1, 0, 0, 0, 0, 0, 0, 0]
B07CTP81N8	[4, 3, 14, 4, 1, 3, 1, 1, 1, 0]
B092245S2L	[4, 3, 14, 4, 1, 3, 1, 1, 1, 0]
B07NPWQP2D	[16, 7, 33, 5, 2, 5, 5, 1, 2, 2]
B084RHC951	[4, 3, 12, 3, 1, 1, 0, 1, 2, 1]
B077D2GY1Z	[11, 0, 13, 1, 5, 5, 0, 1, 0, 0]
B07ZZGH4HN	[2, 0, 3, 3, 0, 0, 0, 0, 0, 0]
B07XVRHCDB	[8, 0, 10, 4, 1, 1, 2, 0, 1, 0]
B07X36XMFT	[0, 1, 1, 1, 0, 0, 0, 1, 0, 0]
B083Y2GCPF	[0, 0, 0, 1, 0, 0, 0, 0, 0, 0]
B09JQPW597	[1, 0, 0, 1, 0, 0, 0, 0, 0, 0]
B09R26TZK5	[20, 4, 38, 3, 0, 4, 2, 0, 2, 0]
B093LFKXMJ	[7, 1, 23, 8, 2, 2, 2, 0, 2, 0]
B096SWNHYK	[2, 1, 1, 5, 0, 1, 0, 0, 0, 0]
B01LXQXW3G	[1, 0, 2, 1, 0, 0, 0, 0, 0, 0]
B09R3TQ79S	[3, 5, 6, 6, 1, 2, 1, 1, 1, 0]
B01M4QGP3C	[4, 4, 21, 7, 1, 3, 1, 2, 3, 1]
B07CJ37YHB	[1, 0, 2, 1, 0, 0, 0, 0, 0, 0]
B08H522WQC	[4, 4, 10, 4, 1, 1, 0, 0, 0, 0]
B088NJP38V	[15, 6, 44, 17, 3, 4, 3, 2, 2, 3]
B086H13HZV	[3, 0, 4, 3, 1, 0, 1, 0, 0, 0]
B08HR7XP63	[2, 0, 0, 1, 0, 0, 0, 0, 0, 0]
B091T894WC	[6, 0, 2, 1, 0, 0, 0, 0, 0, 0]
B086QV513T	[4, 2, 14, 6, 1, 3, 1, 1, 1, 0]
B08NGKX3SH	[5, 2, 5, 11, 1, 4, 2, 0, 0, 1]
B09SJ3W3SJ	[1, 0, 0, 20, 1, 0, 1, 0, 0, 0]
B07T5JT9CB	[3, 3, 11, 1, 0, 2, 2, 0, 1, 1]
B08NCSK5K7	[3, 0, 4, 2, 1, 0, 1, 0, 0, 0]
B099FJ9VHT	[2, 3, 1, 2, 0, 0, 0, 0, 0, 0]
B08Z1HJ3KJ	[0, 0, 2, 2, 0, 0, 0, 0, 0, 0]
B07PGKK416	[2, 1, 1, 1, 0, 0, 0, 0, 0, 0]
B09L8NKR74	[2, 0, 2, 0, 0, 0, 0, 0, 0, 0]
B08D6Z7GP6	[1, 0, 2, 1, 0, 0, 0, 0, 0, 0]
B07QY21QLN	[0, 0, 0, 1, 0, 0, 0, 0, 0, 0]
B09GZJVVF7	[1, 4, 4, 5, 1, 0, 0, 0, 0, 0]
B083P661BW	[15, 10, 19, 31, 2, 5, 2, 6, 2, 0]
B09P4D5K7M	[1, 0, 5, 1, 0, 1, 2, 0, 0, 0]
B09JQL3JJM	[0, 0, 1, 0, 0, 0, 0, 0, 0, 0]
B07YSRTQ27	[2, 1, 1, 2, 0, 0, 0, 0, 0, 0]
B098ZJVCJX	[10, 4, 46, 5, 2, 2, 0, 0, 1, 0]
B08FBJMQ33	[0, 0, 0, 0, 0, 0, 0, 0, 0, 0]
B08CY9PR8D	[0, 0, 0, 0, 0, 0, 0, 0, 0, 0]
B09J96DY3R	[8, 5, 16, 6, 1, 3, 3, 1, 1, 0]
B01M5DO8BV	[2, 6, 6, 8, 6, 7, 4, 3, 3, 1]
B08KKLHCXD	[7, 1, 12, 3, 1, 3, 3, 0, 1, 0]
B08374JZZ7	[3, 0, 4, 2, 1, 0, 1, 0, 0, 0]
B08GM94DT5	[0, 0, 0, 1, 0, 0, 0, 0, 0, 0]
B07JFSPV73	[0, 5, 5, 4, 1, 2, 1, 1, 1, 1]
B091ZHSFCN	[3, 0, 4, 2, 1, 0, 1, 0, 0, 0]
B09Q9Y8974	[2, 6, 11, 2, 1, 1, 0, 0, 1, 0]
B084WTMF4Y	[3, 4, 5, 0, 0, 0, 0, 0, 0, 0]
B07Y2B95T5	[7, 0, 10, 3, 0, 2, 1, 0, 0, 0]
B08JQQM4F7	[1, 0, 1, 4, 0, 0, 0, 0, 0, 0]
B084KW4QD5	[1, 1, 4, 4, 0, 0, 0, 0, 0, 0]
B074KFNWFD	[0, 1, 0, 1, 0, 0, 0, 0, 0, 0]
B07GDCJ526	[0, 0, 0, 0, 0, 0, 0, 0, 0, 0]
B074MR489M	[24, 11, 36, 4, 0, 10, 2, 7, 3, 4]
B08T3JH16D	[3, 0, 5, 2, 0, 1, 0, 0, 0, 0]
B01EIQVFFA	[4, 4, 21, 7, 1, 3, 1, 2, 3, 1]
B07Y5MQK42	[0, 0, 0, 0, 0, 0, 0, 0, 0, 0]
B09K4MNM8R	[0, 0, 0, 0, 0, 0, 0, 0, 0, 0]
B082ZBRMYK	[0, 0, 0, 0, 0, 0, 0, 0, 0, 0]
B07FK56GVY	[6, 8, 17, 5, 1, 5, 2, 1, 4, 1]
B08SR1Y1DJ	[4, 0, 6, 0, 1, 0, 0, 0, 0, 0]
B09J5HL4TG	[9, 6, 1, 1, 1, 2, 0, 0, 0, 0]
B098T4GBZS	[0, 3, 4, 5, 0, 3, 1, 2, 1, 0]
B07FZ534W5	[2, 0, 1, 2, 0, 3, 0, 0, 0, 0]
B08V5LH9HR	[0, 0, 0, 0, 0, 0, 0, 0, 0, 0]
B09TS27M2M	[9, 6, 1, 1, 1, 2, 0, 0, 0, 0]
B07ZJ4QSXX	[0, 0, 0, 0, 0, 0, 0, 0, 0, 0]
B08G8CH7F1	[5, 0, 2, 0, 0, 0, 1, 0, 0, 0]
B071WTRBYR	[1, 0, 2, 1, 0, 0, 0, 0, 0, 0]
B06XRTJ29M	[1, 0, 2, 1, 0, 0, 0, 0, 0, 0]
B08LK82CVM	[2, 1, 6, 2, 0, 1, 0, 0, 0, 0]
B081VWBR1G	[6, 2, 5, 3, 0, 1, 0, 1, 0, 0]
B0874Q7X47	[4, 3, 14, 5, 1, 3, 1, 1, 0, 0]
B0821STFFN	[0, 0, 0, 0, 0, 0, 0, 0, 0, 0]
B07WGQDXYQ	[2, 0, 1, 0, 0, 0, 0, 0, 0, 0]
B07BV3FDJD	[0, 0, 0, 0, 0, 0, 0, 0, 0, 0]
B08V9GDNG1	[4, 3, 14, 5, 1, 3, 1, 1, 1, 0]
B06Y1291WV	[1, 0, 2, 1, 0, 0, 0, 0, 0, 0]
B09RQ8YMK2	[2, 0, 0, 0, 0, 0, 0, 0, 0, 0]
B071CG8GB8	[1, 0, 2, 1, 0, 0, 0, 0, 0, 0]
B07RB2KHRJ	[1, 0, 0, 3, 0, 0, 0, 0, 0, 0]
B09JWZCDSF	[2, 0, 0, 1, 0, 0, 0, 0, 0, 0]
B07SCQNBDC	[5, 3, 6, 2, 0, 2, 1, 0, 0, 0]
B08FWTPH5D	[8, 5, 15, 6, 1, 3, 4, 1, 1, 0]
B084H1S8JW	[9, 2, 13, 0, 1, 3, 0, 0, 1, 0]
B08MWWCZN8	[8, 0, 10, 3, 0, 0, 1, 0, 0, 0]
B075DVY1SF	[1, 0, 2, 1, 0, 0, 0, 0, 0, 0]
B07XTF1F5J	[4, 2, 12, 3, 3, 0, 1, 0, 0, 0]
B0882NCJTS	[1, 2, 2, 0, 0, 0, 0, 0, 0, 0]
B07H26M4CL	[0, 0, 0, 0, 0, 0, 0, 0, 0, 0]
B088MLDNRT	[11, 0, 13, 1, 5, 5, 0, 1, 0, 0]
B09RPYFDHZ	[1, 0, 1, 0, 0, 0, 0, 0, 0, 0]
B08PW516YX	[3, 0, 4, 2, 1, 0, 1, 0, 0, 0]
B0987V2W9G	[8, 6, 8, 4, 5, 0, 2, 0, 0, 0]
B075Q63ZF7	[1, 0, 2, 1, 0, 0, 0, 0, 0, 0]
B08Z8FZXRT	[8, 1, 9, 2, 0, 0, 1, 1, 0, 0]
B07RT75PPC	[1, 0, 2, 1, 0, 0, 0, 0, 0, 0]
B085LFKQB6	[0, 0, 1, 4, 0, 0, 0, 0, 0, 0]
B07WTQDNYG	[0, 1, 4, 1, 1, 2, 0, 0, 0, 0]
B083G36S7J	[3, 0, 4, 2, 1, 0, 1, 0, 0, 0]
B09PNSPLB8	[8, 0, 10, 3, 2, 2, 3, 0, 0, 1]
B07T1C8YDM	[2, 0, 3, 1, 0, 0, 1, 0, 0, 0]
B09TSXMXM9	[5, 0, 12, 2, 0, 0, 0, 0, 0, 0]
B07X5BFWYD	[2, 1, 10, 4, 0, 0, 1, 0, 0, 0]
B0722KZPGK	[7, 0, 14, 6, 1, 2, 1, 0, 0, 0]
B092J8XHXY	[6, 4, 31, 0, 0, 1, 2, 0, 0, 0]
B0985V8YZ3	[6, 0, 14, 1, 0, 0, 1, 1, 0, 0]
B09KCNW9TS	[3, 0, 4, 2, 1, 0, 1, 0, 0, 0]
B09S6VWY2C	[3, 0, 1, 0, 0, 0, 0, 0, 0, 0]
B0873X77GL	[9, 5, 1, 2, 1, 2, 0, 0, 0, 0]
B081Y61127	[8, 3, 2, 8, 0, 1, 0, 0, 0, 0]
B0992WQSW5	[12, 0, 14, 8, 3, 0, 1, 0, 0, 0]
B07XFNGF8S	[18, 3, 11, 13, 3, 9, 7, 0, 1, 0]
B0881W7RPV	[5, 4, 6, 3, 1, 5, 2, 1, 2, 0]
B08NC6G6VW	[0, 0, 0, 0, 0, 0, 0, 0, 0, 0]
B08GQB1HMZ	[0, 0, 0, 0, 0, 0, 0, 0, 0, 0]
B09K2KPYJ8	[2, 0, 0, 0, 0, 0, 0, 0, 0, 0]
B075GFTWML	[1, 0, 2, 1, 0, 0, 0, 0, 0, 0]
B08PPRTNHH	[3, 0, 4, 2, 1, 0, 1, 0, 0, 0]
B08QJN2CXF	[5, 2, 5, 11, 1, 4, 2, 0, 0, 1]
B09MDK7BV6	[2, 0, 0, 1, 0, 0, 0, 0, 0, 0]
B08FL7KCVR	[5, 0, 2, 0, 0, 0, 1, 0, 0, 0]
B076QD6G24	[0, 0, 2, 2, 0, 0, 0, 0, 0, 0]
B084TSCMTY	[0, 0, 0, 0, 0, 0, 0, 0, 0, 0]
B083JFVZ6G	[3, 0, 4, 2, 1, 0, 1, 0, 0, 0]
B081S9LFC9	[0, 0, 0, 0, 0, 0, 0, 0, 0, 0]
B075TZZ4WZ	[9, 6, 14, 12, 3, 2, 4, 0, 0, 0]
B07X4YLNXV	[24, 4, 27, 4, 1, 4, 2, 0, 2, 1]
B07ZT2PK2H	[6, 24, 37, 2, 0, 0, 2, 1, 0, 1]
B08SQHGNCG	[9, 0, 13, 2, 1, 1, 1, 0, 0, 0]
B08HM7RQLK	[3, 1, 4, 4, 0, 2, 1, 0, 0, 0]
B095SW2KNP	[3, 0, 1, 3, 0, 1, 0, 0, 0, 0]
B08NK2Q19H	[4, 3, 14, 7, 1, 3, 1, 1, 0, 0]
B089KSV61L	[0, 1, 7, 5, 0, 1, 0, 0, 0, 0]
B01I9GHK40	[7, 0, 3, 4, 0, 2, 2, 0, 0, 0]
B01M3RCM3B	[1, 0, 2, 1, 0, 0, 0, 0, 0, 0]
B09NL65RBP	[4, 0, 5, 0, 0, 0, 0, 0, 0, 0]
B082QX45NY	[1, 0, 0, 0, 0, 0, 0, 0, 0, 0]
B087KN4HR6	[11, 5, 2, 11, 1, 4, 2, 1, 1, 0]
B075TV17Y7	[1, 0, 2, 1, 0, 0, 0, 0, 0, 0]
B08GNFZCMT	[3, 0, 4, 3, 1, 0, 1, 0, 0, 0]
B09CK8444K	[3, 0, 4, 2, 1, 0, 1, 0, 0, 0]
B08CHPQBN8	[1, 0, 2, 3, 0, 0, 0, 0, 0, 0]
B075TSRLBM	[1, 0, 2, 1, 0, 0, 0, 0, 0, 0]
B08CVT3MGV	[2, 0, 1, 0, 0, 0, 0, 0, 0, 0]
B09H3K11RQ	[3, 0, 4, 2, 1, 0, 1, 0, 0, 0]
B09DTNFJPL	[1, 0, 0, 20, 1, 0, 1, 0, 0, 0]
B0849NL9SX	[1, 4, 5, 7, 1, 4, 1, 2, 1, 0]
B08QDLZ8CH	[16, 4, 9, 3, 0, 0, 0, 0, 1, 0]
B0787PKL4L	[10, 0, 15, 2, 0, 0, 1, 1, 0, 0]
B08W1WDRFV	[0, 0, 0, 1, 0, 0, 0, 0, 0, 0]
B08GYFSGMX	[0, 0, 0, 0, 0, 0, 0, 0, 0, 0]
B09SPXT4BL	[8, 5, 17, 10, 1, 3, 3, 1, 1, 0]
B07924DBDH	[10, 0, 13, 4, 1, 1, 1, 0, 0, 0]
B097F41FLM	[3, 0, 4, 2, 1, 0, 1, 0, 0, 0]
B075GKBZFP	[1, 0, 2, 1, 0, 0, 0, 0, 0, 0]
B08FXLFSB5	[10, 5, 2, 1, 1, 2, 0, 0, 0, 0]
B08QQ633PQ	[0, 0, 0, 0, 0, 0, 0, 0, 0, 0]
B08XM1R5W2	[0, 0, 0, 2, 0, 0, 0, 0, 0, 0]
B077HRVG6P	[5, 1, 5, 15, 0, 2, 2, 0, 2, 0]
B09M6LXMZL	[1, 0, 1, 2, 0, 3, 0, 0, 0, 0]
B09DDC491F	[0, 0, 0, 0, 0, 0, 0, 0, 0, 0]
B08539JT4N	[3, 0, 4, 2, 1, 0, 1, 0, 0, 0]
B08L9NYKG4	[2, 0, 0, 5, 0, 0, 0, 0, 0, 0]
B07XZHHCSZ	[24, 4, 27, 4, 1, 4, 2, 0, 2, 1]
B07VH46TDC	[2, 1, 3, 3, 0, 1, 0, 0, 0, 0]
B07CRN2LKP	[7, 0, 7, 2, 0, 0, 0, 1, 0, 0]
B08413QSY7	[0, 0, 0, 0, 0, 0, 0, 0, 0, 0]
B08WPHKGJF	[0, 0, 0, 0, 0, 0, 0, 0, 0, 0]
B09R2CJBQT	[8, 0, 3, 1, 1, 4, 2, 1, 1, 0]
B09415D9KF	[0, 0, 0, 0, 0, 0, 0, 0, 0, 0]
B08BX4WHH8	[3, 0, 4, 2, 1, 0, 1, 0, 0, 0]
B084DJ6ZCD	[0, 0, 0, 0, 0, 0, 0, 0, 0, 0]
B08J897DVN	[0, 0, 0, 3, 0, 3, 1, 1, 0, 0]
B09DTQGJXM	[12, 0, 14, 8, 3, 0, 1, 0, 0, 0]
B075Q6HQ72	[1, 0, 2, 1, 0, 0, 0, 0, 0, 0]
B09GW8D4BP	[0, 0, 0, 0, 0, 0, 0, 0, 0, 0]
B09NZMYP4W	[1, 0, 5, 1, 0, 1, 2, 0, 0, 0]
B071KMYTQ2	[21, 3, 30, 3, 0, 5, 1, 0, 0, 0]
B07NDJJWTY	[9, 0, 10, 5, 1, 1, 1, 0, 0, 0]
B08SKJNWXY	[0, 0, 0, 0, 0, 0, 0, 0, 0, 0]
B09P4CP4BC	[1, 0, 5, 1, 0, 1, 2, 0, 0, 0]
B09BT2VSBP	[1, 0, 0, 0, 0, 0, 0, 0, 0, 0]
B071WB521G	[1, 0, 2, 1, 0, 0, 0, 0, 0, 0]
B08R3J4Z62	[4, 3, 14, 6, 1, 3, 1, 1, 1, 0]
B08Q8QP7XM	[5, 0, 2, 2, 0, 0, 1, 0, 0, 0]
B08NFJKNHG	[4, 4, 5, 3, 0, 0, 0, 0, 1, 0]
B07Q2V2RGL	[3, 0, 4, 6, 0, 0, 0, 0, 0, 0]
B01M2ZATT8	[9, 2, 16, 3, 1, 1, 1, 0, 0, 0]
B08HSM8M67	[2, 0, 0, 1, 0, 0, 0, 0, 0, 0]
B08LQRQV2P	[2, 0, 1, 0, 0, 0, 0, 0, 0, 0]
B09QXPBP64	[2, 0, 0, 1, 0, 0, 0, 0, 0, 0]
B08X4XXCK8	[6, 0, 4, 5, 1, 2, 1, 0, 0, 0]
B087N3XNDY	[4, 6, 9, 3, 0, 0, 0, 0, 0, 0]
B08PJ4N5CM	[3, 0, 2, 0, 0, 0, 0, 0, 0, 0]
B08M41FRJT	[3, 0, 4, 2, 1, 0, 1, 0, 0, 0]
B081Y13K86	[4, 0, 5, 2, 0, 1, 0, 0, 0, 0]
B098NHP2XY	[0, 0, 0, 0, 0, 0, 0, 0, 0, 0]
B09QQSKJ6S	[3, 0, 1, 2, 0, 1, 1, 0, 0, 0]
B0788RYH6K	[0, 0, 0, 0, 0, 0, 0, 0, 0, 0]
B08TDY1MGJ	[6, 2, 14, 11, 3, 1, 2, 1, 0, 1]
B08PXYCP3W	[4, 3, 14, 6, 1, 3, 1, 1, 1, 0]
B0845X7THS	[1, 0, 5, 1, 0, 1, 2, 0, 0, 0]
B08374VG4N	[7, 1, 12, 3, 1, 3, 3, 0, 1, 0]
B09GQWX82N	[1, 0, 2, 1, 0, 0, 0, 0, 0, 0]
B08QL86KP6	[5, 0, 2, 0, 0, 0, 1, 0, 0, 0]
B06Y3TH1TB	[1, 0, 2, 1, 0, 0, 0, 0, 0, 0]
B08358X3CY	[3, 0, 4, 2, 1, 0, 1, 0, 0, 0]
B089YQ47FY	[3, 0, 2, 0, 0, 0, 0, 0, 0, 0]
B08V5J8KFB	[0, 1, 0, 49, 0, 0, 0, 0, 0, 0]
B08L3JYSVH	[8, 5, 2, 2, 3, 2, 0, 0, 1, 0]
B07WW9K1Q6	[3, 3, 11, 1, 0, 2, 2, 0, 1, 1]
B093QJHZMV	[4, 2, 9, 4, 1, 3, 1, 1, 1, 1]
B08LF4JZP8	[2, 0, 0, 5, 0, 0, 0, 0, 0, 0]
B09CS1LGXC	[3, 0, 4, 2, 1, 0, 1, 0, 0, 0]
B07NSM35CV	[0, 0, 0, 1, 1, 0, 0, 0, 0, 0]
B08373HDRT	[5, 3, 12, 5, 1, 3, 1, 1, 1, 0]
B07T5X2SFZ	[7, 1, 12, 3, 1, 3, 3, 0, 1, 0]
B07CYVVZ35	[13, 6, 10, 6, 2, 3, 2, 3, 2, 0]
B088SG62F9	[0, 0, 0, 0, 0, 0, 0, 0, 0, 0]
B075W764W4	[1, 0, 2, 1, 0, 0, 0, 0, 0, 0]
B08BFSV8BR	[19, 2, 12, 5, 0, 4, 1, 1, 0, 0]
B08T9SZWVR	[3, 0, 4, 2, 1, 0, 1, 0, 0, 0]
B083G89897	[3, 0, 4, 2, 1, 0, 1, 0, 0, 0]
B08GN4NDHW	[3, 0, 5, 2, 1, 0, 1, 0, 0, 0]
B091CYNKBX	[0, 3, 5, 8, 1, 0, 0, 0, 1, 0]
B083KN66FW	[20, 4, 38, 3, 0, 4, 2, 0, 2, 0]
B089KTPJ2Z	[3, 0, 4, 2, 1, 0, 1, 0, 0, 0]
B07B8ZB8MV	[4, 0, 9, 1, 1, 0, 0, 0, 0, 0]
B08NX7P1JK	[3, 0, 4, 3, 1, 0, 1, 0, 0, 0]
B08BFVMFRS	[19, 2, 12, 3, 0, 5, 1, 1, 0, 0]
B08WRJ9SSN	[3, 0, 2, 2, 1, 1, 0, 0, 1, 0]
B09T3VBDSP	[2, 1, 10, 2, 1, 1, 2, 0, 0, 0]
B077K659KM	[37, 6, 15, 11, 0, 3, 0, 0, 2, 0]
B08L6QSR4F	[0, 0, 0, 0, 0, 0, 0, 0, 0, 0]
B08R7P88PV	[0, 0, 0, 0, 0, 0, 0, 0, 0, 0]
B06XKZGP59	[3, 2, 4, 5, 0, 1, 1, 0, 0, 0]
B0833FJKCP	[1, 0, 5, 2, 0, 0, 0, 0, 0, 0]
B08S43M6VM	[0, 0, 0, 3, 0, 0, 0, 0, 0, 0]
B07ZL6PSGG	[4, 0, 4, 4, 0, 1, 0, 0, 0, 0]
B08D6YJHY3	[1, 0, 2, 1, 0, 0, 0, 0, 0, 0]
B08N1C61QD	[8, 5, 15, 10, 2, 3, 4, 1, 1, 0]
B092JRY4FL	[1, 0, 2, 1, 0, 0, 0, 0, 0, 0]
B08M299K21	[0, 1, 5, 0, 0, 0, 0, 0, 1, 0]
B07Y78H6N4	[1, 1, 0, 1, 0, 0, 0, 0, 0, 0]
B08CVSCW76	[0, 0, 1, 0, 0, 0, 0, 0, 0, 0]
B07WX11JRT	[20, 4, 38, 3, 0, 4, 2, 0, 2, 0]
B08WXGP16H	[5, 2, 2, 3, 0, 1, 0, 0, 0, 0]
B07CM3XNVX	[0, 0, 0, 0, 0, 0, 0, 0, 0, 0]
B085T9QJ6V	[3, 0, 4, 3, 1, 0, 1, 0, 0, 0]
B06ZZ2NQW4	[3, 1, 7, 2, 0, 2, 0, 0, 1, 0]
B01MTY7Z5L	[10, 1, 5, 5, 0, 3, 1, 3, 0, 2]
B084QDBBCB	[7, 6, 25, 19, 3, 4, 2, 3, 2, 1]
B0797KRYLB	[1, 0, 2, 1, 0, 0, 0, 0, 0, 0]
B07Q64SJGX	[21, 10, 26, 4, 0, 6, 1, 4, 3, 2]
B077PML4M8	[0, 0, 0, 0, 0, 0, 0, 0, 0, 0]
B081FL21ZR	[1, 5, 4, 2, 0, 1, 0, 0, 0, 0]
B08YFL5B76	[31, 5, 56, 8, 2, 2, 1, 3, 2, 0]
B09S6QVYJQ	[1, 0, 5, 1, 0, 1, 2, 0, 0, 0]
B09SL15K4Z	[6, 0, 4, 3, 0, 2, 1, 0, 0, 0]
B08FCMK7C2	[0, 0, 0, 0, 0, 0, 0, 0, 0, 0]
B074YV4VJ3	[1, 0, 2, 1, 0, 0, 0, 0, 0, 0]
B08P7Z8S8C	[0, 1, 1, 1, 0, 0, 0, 1, 0, 0]
B097TQDT9H	[0, 3, 0, 1, 0, 0, 0, 0, 1, 0]
B07YM4LB8X	[9, 0, 9, 2, 1, 0, 0, 0, 1, 0]
B08LHBFZ2J	[2, 0, 0, 5, 0, 0, 0, 0, 0, 0]
B06Y3TBYHJ	[1, 0, 2, 1, 0, 0, 0, 0, 0, 0]
B0941XSGWL	[9, 5, 2, 1, 1, 2, 0, 0, 0, 0]
B093SMTGP8	[4, 2, 4, 2, 0, 4, 0, 2, 2, 0]
B097NGDTBM	[8, 1, 10, 1, 0, 0, 1, 1, 0, 0]
B01JTQCD3W	[16, 2, 20, 6, 2, 2, 5, 2, 2, 1]
B09BB3JH5N	[5, 4, 6, 3, 1, 5, 2, 1, 2, 0]
B07QLWW5B9	[9, 0, 4, 7, 1, 1, 1, 0, 0, 0]
B09DG5HQ3K	[4, 3, 14, 6, 1, 3, 1, 1, 1, 0]
B09BC5G6FL	[12, 0, 14, 8, 3, 0, 1, 0, 0, 0]
B08XW19F8K	[1, 5, 3, 0, 0, 2, 0, 1, 0, 0]
B07978G5WP	[15, 3, 18, 2, 2, 3, 3, 0, 0, 0]
B08QDMRSWG	[1, 0, 1, 0, 0, 0, 0, 0, 0, 0]
B07YM51JKV	[0, 0, 0, 4, 0, 1, 0, 0, 0, 0]
B07ZT5VDT8	[6, 0, 8, 2, 0, 0, 0, 0, 0, 0]
B0992SXJBC	[9, 1, 9, 3, 1, 1, 1, 0, 1, 1]
B082TRMGSR	[0, 0, 0, 0, 0, 0, 0, 0, 0, 0]
B08NFGYB1Q	[2, 5, 8, 1, 0, 1, 0, 0, 0, 0]
B07QSQNFPG	[0, 0, 0, 0, 0, 0, 0, 0, 0, 0]
B08R3Z26YH	[1, 0, 1, 0, 2, 1, 1, 0, 0, 0]
B07P68ZC5C	[1, 0, 0, 0, 0, 0, 0, 0, 0, 0]
B09Q3NRSNS	[9, 5, 2, 0, 1, 2, 0, 0, 0, 0]
B08YGLWQYM	[6, 0, 14, 1, 0, 0, 1, 1, 0, 0]
B07DLN96M7	[2, 0, 1, 3, 2, 0, 0, 0, 0, 0]
B08QJSQ9FV	[0, 0, 0, 0, 0, 0, 0, 0, 0, 0]
B07YLZN9T6	[6, 0, 2, 1, 1, 4, 2, 1, 1, 0]
B07P5QCSLT	[3, 4, 9, 4, 1, 2, 1, 1, 0, 1]
B07ZL4HTMJ	[1, 0, 1, 20, 1, 0, 1, 0, 0, 0]
B08DZBVL1R	[1, 2, 3, 0, 0, 0, 0, 0, 0, 0]
B08WRZPZXB	[3, 0, 1, 2, 0, 2, 0, 0, 0, 0]
B09NP14LWM	[1, 0, 5, 1, 0, 1, 2, 0, 0, 0]
B075W74Z7V	[1, 0, 2, 1, 0, 0, 0, 0, 0, 0]
B087JFCHSL	[0, 0, 0, 0, 0, 0, 0, 0, 0, 0]
B08YPGJKM4	[9, 5, 2, 1, 1, 2, 0, 0, 0, 0]
B08F38X1FT	[9, 4, 13, 21, 0, 3, 3, 4, 12, 1]
B08YNXHNR7	[1, 0, 1, 1, 0, 1, 0, 0, 0, 0]
B07GNV241D	[0, 1, 2, 0, 0, 0, 0, 0, 0, 0]
B09NYMNDWD	[3, 0, 1, 2, 0, 2, 0, 0, 0, 0]
B085DBM5FD	[3, 0, 4, 2, 1, 0, 1, 0, 0, 0]
B08RGDSKQ3	[9, 1, 10, 3, 0, 0, 2, 1, 0, 0]
B099CR66NG	[0, 0, 0, 0, 0, 0, 0, 0, 0, 0]
B093HM1GR8	[3, 0, 4, 2, 1, 0, 1, 0, 0, 0]
B08BPGW5SC	[9, 0, 2, 1, 1, 4, 2, 1, 1, 0]
B0893NZ352	[19, 4, 28, 21, 0, 4, 1, 3, 0, 2]
B07WT6PN6Q	[20, 4, 38, 3, 0, 4, 2, 0, 2, 0]
B08JSG11J7	[2, 0, 2, 2, 0, 0, 1, 0, 0, 0]
B07QR7YMNX	[0, 0, 0, 1, 0, 0, 0, 0, 0, 0]
B084H2TWLN	[3, 0, 4, 2, 1, 0, 1, 0, 0, 0]
B08QYMZPB8	[1, 4, 0, 4, 0, 0, 0, 0, 1, 0]
B08PVQ7PW5	[3, 0, 4, 2, 1, 0, 1, 0, 0, 0]
B0868XFYY6	[3, 0, 4, 3, 1, 0, 1, 0, 0, 0]
B08YZ5ZGJV	[0, 0, 0, 0, 0, 0, 0, 0, 0, 0]
B08SBXZKRM	[5, 1, 12, 5, 1, 5, 1, 2, 1, 0]
B08QNG5BS3	[11, 2, 14, 4, 0, 1, 0, 0, 0, 0]
B09MDNMH8K	[20, 4, 38, 3, 0, 4, 2, 0, 2, 0]
B07G94T74L	[2, 0, 2, 0, 0, 0, 1, 0, 0, 0]
B09GKVFXPZ	[3, 2, 5, 4, 0, 1, 1, 0, 0, 0]
B09JQLV8JF	[1, 0, 0, 2, 0, 0, 0, 0, 0, 0]
B09R4ZR2FG	[11, 6, 22, 7, 1, 4, 2, 2, 1, 0]
B09T1Z2XZY	[1, 0, 0, 0, 0, 0, 0, 0, 0, 0]
B08T9KPCBM	[0, 1, 8, 3, 1, 0, 1, 0, 0, 0]
B09P46NLVK	[7, 6, 13, 6, 0, 0, 0, 0, 0, 0]
B08LP62WB3	[2, 0, 0, 5, 0, 0, 0, 0, 0, 0]
B08QV7L3HJ	[4, 3, 14, 5, 1, 3, 1, 1, 1, 0]
B083SLFYYB	[2, 0, 2, 1, 0, 1, 0, 0, 0, 0]
B09F9R89F3	[0, 0, 0, 0, 0, 0, 0, 0, 0, 0]
B0886GNZV5	[6, 4, 12, 0, 0, 0, 0, 0, 0, 0]
B09LNCYTFX	[2, 2, 6, 2, 0, 0, 0, 0, 0, 0]
B08XWS6Z1K	[3, 0, 1, 2, 0, 2, 0, 0, 0, 0]
B08HDNGNNV	[2, 0, 0, 1, 0, 0, 0, 0, 0, 0]
B09K1XTVLC	[2, 3, 3, 5, 1, 2, 0, 0, 0, 0]
B08QVDBMTF	[1, 4, 4, 2, 0, 1, 0, 0, 0, 0]
B08D6YSNSH	[1, 0, 2, 1, 0, 0, 0, 0, 0, 0]
B0924YNPR5	[0, 4, 3, 0, 0, 1, 0, 0, 0, 0]
B09C68372F	[4, 1, 9, 8, 0, 0, 1, 0, 1, 1]
B08MLN5KF6	[2, 0, 2, 2, 0, 0, 1, 0, 0, 0]
B086KP8SNF	[2, 0, 2, 2, 0, 0, 1, 0, 0, 0]
B086R67V8J	[3, 1, 10, 2, 1, 1, 1, 1, 2, 0]
B07RVD8T7X	[1, 0, 2, 1, 0, 0, 0, 0, 0, 0]
B08PC34ZXT	[0, 0, 0, 0, 0, 0, 0, 0, 0, 0]
B079WY54NQ	[4, 2, 5, 6, 0, 2, 2, 0, 1, 0]
B08DP26QW9	[8, 1, 9, 2, 0, 0, 1, 1, 0, 0]
B08J486D8Y	[0, 0, 0, 0, 0, 0, 0, 0, 0, 0]
B082P54XRC	[3, 0, 0, 1, 0, 0, 0, 0, 0, 0]
B077C124W3	[1, 0, 2, 1, 0, 0, 0, 0, 0, 0]
B097WH8ZCM	[11, 1, 9, 1, 0, 0, 1, 1, 0, 0]
B091FN6BSP	[0, 0, 0, 0, 0, 0, 0, 0, 0, 0]
B09BR9PY3X	[0, 0, 0, 1, 0, 0, 0, 0, 0, 0]
B07PBZBZPQ	[7, 1, 12, 3, 1, 3, 3, 0, 1, 0]
B097N8XZRR	[2, 0, 0, 0, 0, 0, 0, 0, 0, 0]
B098R3CMT6	[1, 4, 5, 2, 0, 2, 0, 0, 0, 0]
B08GN5RQG6	[3, 0, 4, 2, 1, 0, 1, 0, 0, 0]
B09H8H8W5C	[1, 1, 0, 3, 0, 1, 0, 0, 0, 0]
B09NQGC5JX	[1, 0, 5, 1, 0, 1, 2, 0, 0, 0]
B07B9QMTFQ	[4, 0, 0, 1, 0, 0, 0, 0, 0, 0]
B08N864V18	[0, 0, 0, 0, 0, 0, 0, 0, 0, 0]
B085128R6R	[3, 0, 4, 2, 1, 0, 1, 0, 0, 0]
B082BGZG15	[10, 3, 14, 3, 0, 0, 2, 0, 0, 1]
B08LXGXBDS	[0, 0, 0, 1, 0, 0, 0, 0, 0, 0]
B087QRVDQQ	[4, 3, 14, 6, 1, 3, 1, 1, 1, 0]
B06XTKDH14	[2, 5, 5, 2, 0, 1, 0, 0, 0, 0]
B08JWCJ5TY	[2, 0, 0, 1, 0, 0, 0, 0, 0, 0]
B082QTR4KN	[0, 0, 0, 0, 0, 0, 0, 0, 0, 0]
B082J2WHFS	[1, 4, 7, 4, 0, 1, 0, 0, 1, 0]
B08F2G67QB	[3, 4, 12, 6, 2, 1, 0, 0, 1, 2]
B08ZNYH6J6	[3, 0, 4, 2, 1, 0, 1, 0, 0, 0]
B07PN53JT3	[0, 0, 0, 0, 0, 0, 0, 0, 0, 0]
B09RNHD6QX	[9, 1, 20, 0, 0, 0, 2, 0, 0, 0]
B07JJV13G3	[17, 22, 22, 11, 0, 1, 0, 0, 0, 0]
B09LMMZ1WM	[2, 4, 18, 7, 2, 1, 0, 0, 0, 0]
B07G499VCZ	[20, 3, 15, 6, 0, 1, 0, 1, 0, 0]
B01HCB4Y5Q	[9, 0, 15, 4, 0, 0, 2, 1, 0, 0]
B097TW95MK	[7, 5, 19, 10, 3, 3, 5, 1, 1, 0]
B08DVCWV7M	[3, 0, 2, 0, 0, 0, 0, 0, 0, 0]
B0996WQ2SG	[8, 1, 9, 4, 0, 0, 1, 1, 0, 0]
B09NL84GGY	[1, 0, 3, 21, 1, 0, 1, 0, 0, 0]
B083JGNXCN	[3, 0, 4, 2, 1, 0, 1, 0, 0, 0]
B07L5QPGR9	[1, 0, 2, 1, 0, 0, 0, 0, 0, 0]
B09TWYJFTM	[11, 0, 13, 1, 5, 5, 0, 1, 0, 0]
B08B6XV7ZY	[4, 6, 9, 3, 0, 0, 0, 0, 0, 0]
B09N9YC9P5	[0, 0, 0, 0, 0, 0, 0, 0, 0, 0]
B07GQRBVRN	[34, 7, 32, 29, 3, 4, 0, 0, 1, 0]
B08PL1TH3F	[0, 0, 0, 2, 0, 0, 0, 0, 0, 0]
B07H8L38H3	[29, 12, 28, 11, 2, 8, 9, 12, 3, 3]
B08CRZC8D8	[0, 0, 0, 33, 0, 0, 0, 0, 0, 0]
B09FD6LB8D	[1, 0, 2, 5, 1, 0, 0, 0, 0, 0]
B01EIQSPOY	[18, 4, 17, 10, 1, 2, 2, 0, 1, 1]
B095Z85LGG	[0, 3, 5, 8, 1, 0, 0, 0, 1, 0]
B07YZNVWXR	[6, 1, 6, 2, 3, 0, 0, 0, 0, 0]
B07V9N3CLC	[0, 5, 5, 3, 2, 1, 0, 1, 1, 1]
B08BFVSDJG	[19, 2, 12, 4, 0, 5, 1, 1, 0, 0]
B08NPXQ5HY	[0, 0, 0, 1, 0, 0, 0, 0, 0, 0]
B09ML48HJF	[2, 5, 5, 6, 1, 2, 0, 0, 0, 0]
B07R8W81YR	[1, 0, 0, 3, 0, 0, 0, 0, 0, 0]
B082FNHRFS	[9, 1, 9, 3, 1, 1, 1, 0, 1, 1]
B098BJHKVS	[2, 0, 0, 0, 0, 0, 0, 0, 0, 0]
B09T3ND2FC	[0, 0, 0, 1, 0, 0, 0, 0, 0, 0]
B09CZHLTS3	[4, 3, 14, 5, 1, 3, 1, 1, 1, 0]
B06XZH3FJZ	[1, 0, 2, 1, 0, 0, 0, 0, 0, 0]
B09HMHSYPY	[12, 0, 6, 6, 0, 1, 2, 0, 1, 0]
B0844LDPFY	[3, 0, 4, 2, 1, 0, 1, 0, 0, 0]
B09KMDJC47	[0, 0, 1, 0, 0, 0, 0, 0, 0, 0]
B07D4M6Z1Y	[0, 0, 2, 1, 0, 0, 0, 0, 0, 0]
B08BFCF81N	[1, 3, 7, 0, 0, 0, 0, 0, 1, 0]
B083LG414V	[2, 1, 1, 13, 0, 0, 0, 0, 0, 0]
B08D6YTKLW	[1, 0, 2, 1, 0, 0, 0, 0, 0, 0]
B08M496VGB	[1, 0, 1, 3, 0, 0, 0, 0, 0, 0]
B07TTJM9NS	[5, 1, 14, 3, 2, 1, 0, 0, 0, 0]
B085T1ZQ9T	[2, 1, 6, 2, 0, 1, 0, 0, 0, 0]
B07ZTGBZC8	[0, 0, 0, 0, 0, 0, 0, 0, 0, 0]
B01N6QUAXX	[4, 0, 7, 1, 0, 1, 2, 0, 0, 0]
B08CY2F93Q	[1, 0, 5, 1, 0, 1, 2, 0, 0, 0]
B08NW8SSZL	[3, 0, 4, 2, 1, 0, 1, 0, 0, 0]
B08KGRTPX1	[2, 0, 10, 2, 0, 0, 3, 0, 0, 0]
B09DYZCCHR	[12, 0, 14, 8, 3, 0, 1, 0, 0, 0]
B09CZFJW6H	[13, 2, 14, 7, 0, 1, 0, 0, 0, 0]
B081Z92VF1	[16, 0, 10, 0, 1, 0, 1, 0, 0, 0]
B08P7RBSMH	[0, 0, 1, 0, 0, 0, 0, 0, 0, 0]
B07586HT1C	[1, 0, 2, 1, 0, 0, 0, 0, 0, 0]
B08QB4F96T	[2, 0, 1, 0, 0, 0, 0, 0, 0, 0]
B08HVPR7QH	[3, 0, 4, 2, 1, 0, 1, 0, 0, 0]
B0746KJ11G	[7, 0, 14, 6, 1, 2, 1, 0, 0, 0]
B0875KVMK6	[18, 3, 19, 8, 2, 3, 2, 0, 0, 0]
B09ML1P3RN	[5, 4, 9, 6, 1, 1, 1, 1, 0, 0]
B09JMRS7CY	[8, 5, 17, 7, 1, 3, 4, 1, 1, 0]
B082BJ4SN1	[8, 0, 3, 4, 0, 3, 0, 0, 2, 1]
B083P28DK8	[2, 2, 7, 1, 1, 0, 0, 1, 0, 1]
B0873CW3TQ	[0, 0, 2, 0, 0, 0, 0, 0, 0, 0]
B083G4V6D3	[8, 2, 27, 3, 4, 6, 0, 4, 1, 0]
B083G8Q2WS	[3, 0, 4, 2, 1, 0, 1, 0, 0, 0]
B08C6RP1Z2	[0, 0, 0, 0, 0, 0, 0, 0, 0, 0]
B09NCMX4W8	[5, 0, 8, 7, 1, 0, 2, 0, 0, 0]
B097CGL2RG	[1, 0, 3, 1, 0, 1, 0, 0, 0, 0]
B099KJRR55	[0, 0, 2, 0, 0, 0, 0, 0, 0, 0]
B07PZBBBF1	[1, 3, 3, 7, 0, 1, 0, 0, 1, 0]
B08D9MWRNP	[13, 5, 23, 3, 0, 1, 2, 1, 0, 0]
B09PRN4NDB	[2, 0, 0, 0, 0, 0, 0, 0, 0, 0]
B09FVH5ZJ8	[12, 0, 14, 8, 3, 0, 1, 0, 0, 0]
B08K984CDQ	[0, 0, 0, 0, 0, 0, 0, 0, 0, 0]
B096WDX812	[2, 0, 1, 3, 0, 1, 1, 0, 0, 0]
B075F7FMRM	[2, 4, 7, 2, 0, 0, 0, 1, 1, 1]
B0842SNFF4	[2, 0, 1, 0, 0, 0, 0, 0, 0, 0]
B091B8QF2F	[6, 0, 4, 5, 1, 2, 1, 0, 0, 0]
B09HWSMKX7	[5, 1, 8, 2, 0, 0, 0, 1, 0, 0]
B09RTJQBS9	[0, 0, 0, 1, 0, 0, 0, 0, 0, 0]
B085D716QL	[3, 0, 4, 2, 1, 0, 1, 0, 0, 0]
B08Y1MVTQY	[3, 0, 1, 2, 0, 2, 0, 0, 0, 0]
B08BFV8BC8	[19, 2, 12, 4, 0, 5, 1, 1, 0, 0]
B09T74GC3P	[12, 0, 15, 8, 3, 0, 1, 0, 0, 0]
B0731LJ4L9	[0, 0, 0, 19, 0, 0, 0, 0, 0, 0]
B08SHK5CGY	[4, 3, 14, 4, 1, 3, 1, 1, 1, 0]
B08L635287	[1, 0, 2, 1, 0, 0, 0, 0, 1, 0]
B075JB58NC	[1, 0, 2, 1, 0, 0, 0, 0, 0, 0]
B08CL1PYJF	[0, 1, 1, 1, 0, 0, 0, 1, 0, 0]
B07TFDRB34	[8, 4, 9, 3, 1, 1, 0, 1, 1, 1]
B09859S94G	[11, 3, 16, 1, 4, 1, 2, 0, 0, 0]
B09QD73WJP	[3, 0, 5, 0, 0, 1, 0, 0, 0, 0]
B07JMM35CJ	[1, 0, 2, 1, 0, 0, 0, 0, 0, 0]
B08Q8GX5D2	[3, 0, 4, 2, 1, 0, 1, 0, 0, 0]
B07WRS58M1	[1, 0, 3, 0, 0, 0, 0, 0, 0, 0]
B08BWW8C3F	[6, 0, 15, 0, 0, 4, 1, 2, 0, 0]
B09BCV4441	[4, 3, 13, 5, 1, 3, 0, 1, 1, 0]
B01N1ZVI7M	[5, 3, 14, 9, 1, 3, 1, 1, 1, 1]
B01JP8EOCW	[4, 6, 9, 11, 4, 2, 1, 2, 2, 0]
