B0788RYH6K	[0, 0, 0, 0, 0, 0, 0, 0, 0, 0]
B08TDY1MGJ	[7, 2, 18, 12, 5, 4, 1, 1, 1, 1]
B08FZHTYGT	[0, 1, 0, 43, 0, 0, 0, 0, 0, 0]
B081F54LG4	[0, 1, 0, 6, 0, 3, 1, 0, 0, 0]
B085S4W1NW	[7, 3, 7, 4, 0, 0, 0, 2, 1, 2]
B07C236J9Q	[2, 0, 3, 3, 0, 0, 1, 0, 0, 0]
B098NHP2XY	[0, 0, 0, 0, 0, 0, 0, 0, 0, 0]
B08BNG1HX9	[6, 2, 12, 13, 1, 1, 1, 2, 1, 1]
B07MX39B95	[3, 0, 8, 2, 0, 0, 0, 0, 0, 0]
B097RRMHB3	[0, 0, 1, 0, 0, 0, 1, 0, 0, 0]
B081Y13K86	[4, 0, 5, 2, 0, 1, 0, 0, 0, 0]
B09F66P5GX	[4, 1, 4, 1, 0, 1, 0, 0, 1, 0]
B08PJ4N5CM	[3, 0, 2, 0, 0, 0, 0, 0, 0, 0]
B081FBGGXL	[0, 0, 0, 7, 0, 0, 0, 0, 0, 0]
B01M2ZATT8	[9, 2, 15, 3, 1, 1, 1, 0, 0, 0]
B09798RV8F	[4, 4, 6, 3, 2, 2, 1, 0, 1, 0]
B08WWLK8MZ	[1, 2, 5, 3, 0, 0, 0, 0, 0, 0]
B07Q2V2RGL	[3, 0, 4, 6, 0, 0, 0, 0, 0, 0]
B08R3J4Z62	[5, 3, 10, 5, 1, 3, 1, 1, 1, 0]
B088LZ99VL	[0, 0, 0, 31, 1, 0, 0, 0, 0, 0]
B06Y3TH1TB	[1, 0, 2, 1, 0, 0, 0, 0, 0, 0]
B07K2DRGYJ	[0, 1, 0, 0, 0, 0, 0, 0, 0, 0]
B088P5JCMQ	[3, 0, 1, 9, 1, 1, 0, 1, 0, 0]
B07N1NBKTG	[0, 0, 0, 0, 0, 0, 0, 0, 0, 0]
B07BM8SZ82	[3, 2, 8, 2, 0, 0, 0, 0, 1, 0]
B07BPR74VX	[3, 0, 5, 2, 0, 1, 0, 0, 0, 0]
B07BH3ZRKL	[7, 6, 8, 8, 1, 2, 1, 3, 1, 1]
B08Q7FTV7L	[3, 0, 5, 2, 1, 0, 1, 0, 0, 0]
B07LG8R468	[1, 0, 2, 0, 0, 0, 0, 0, 0, 0]
B07GQXRCXC	[1, 4, 2, 1, 0, 0, 0, 0, 1, 1]
B07J51NK2N	[0, 1, 4, 6, 0, 1, 0, 0, 0, 1]
B084DJ6ZCD	[0, 0, 0, 0, 0, 0, 0, 0, 0, 0]
B07VCSZYD4	[0, 1, 4, 6, 0, 1, 0, 0, 0, 1]
B08WPHKGJF	[0, 0, 0, 0, 0, 0, 0, 0, 0, 0]
B08RZB4YCM	[5, 3, 5, 3, 1, 3, 0, 2, 2, 0]
B07VH46TDC	[4, 1, 2, 3, 0, 0, 0, 0, 0, 0]
B07CRN2LKP	[8, 0, 7, 1, 0, 0, 0, 1, 0, 0]
B08JH6B3R9	[3, 0, 2, 3, 0, 0, 0, 0, 0, 0]
B08RZ3DDKF	[15, 3, 12, 3, 0, 1, 1, 1, 1, 1]
B08413QSY7	[0, 0, 0, 0, 0, 0, 0, 0, 0, 0]
B07KSFC66F	[1, 0, 0, 0, 0, 0, 0, 0, 0, 0]
B08BCTCVLK	[8, 17, 3, 1, 0, 1, 0, 0, 0, 1]
B071WB521G	[1, 0, 2, 1, 0, 0, 0, 0, 0, 0]
B09KT5P6BV	[0, 0, 1, 1, 0, 0, 1, 0, 0, 0]
B07NVTH61M	[3, 0, 2, 3, 0, 0, 0, 0, 0, 0]
B07T8PDXH3	[0, 1, 1, 1, 0, 0, 0, 0, 1, 0]
B07H4NYFSJ	[1, 0, 1, 1, 0, 0, 1, 0, 0, 0]
B089P1ZVW2	[3, 1, 5, 5, 0, 4, 0, 0, 1, 0]
B06WVN7SHC	[11, 0, 6, 0, 0, 1, 0, 1, 0, 0]
B071KMYTQ2	[21, 2, 28, 11, 0, 9, 2, 3, 3, 2]
B07NDJJWTY	[8, 0, 9, 5, 1, 2, 2, 0, 0, 0]
B075Q6HQ72	[1, 0, 2, 1, 0, 0, 0, 0, 0, 0]
B085R6KBXZ	[5, 1, 6, 2, 0, 0, 2, 0, 0, 0]
B0853798JQ	[5, 1, 2, 2, 0, 0, 1, 0, 0, 0]
B07W68S4JS	[9, 0, 6, 2, 0, 2, 2, 0, 0, 0]
B09B12DZPD	[4, 2, 8, 5, 0, 1, 1, 3, 0, 1]
B08Q43YDYF	[3, 0, 5, 2, 1, 0, 1, 0, 0, 0]
B089W9TLSZ	[2, 0, 1, 8, 0, 2, 0, 0, 0, 0]
B084KKVQ8N	[6, 7, 5, 5, 0, 4, 2, 3, 3, 2]
B075GKBZFP	[1, 0, 2, 1, 0, 0, 0, 0, 0, 0]
B09SPXT4BL	[9, 6, 15, 10, 1, 2, 2, 1, 1, 0]
B07924DBDH	[22, 0, 10, 4, 1, 6, 2, 0, 0, 0]
B0821K4T3H	[8, 6, 0, 6, 0, 2, 1, 0, 0, 0]
B09LHQXDV6	[6, 0, 6, 3, 2, 0, 1, 0, 0, 0]
B07PFKFRCR	[34, 2, 32, 5, 1, 5, 5, 1, 2, 2]
B08QDKY9Z6	[3, 0, 5, 2, 1, 0, 1, 0, 0, 0]
B01MXI58Y7	[19, 9, 35, 13, 1, 3, 3, 3, 2, 3]
B07HDZQJ8P	[1, 1, 4, 0, 0, 2, 0, 2, 1, 0]
B08PVRR8JB	[3, 0, 5, 2, 1, 0, 1, 0, 0, 0]
B07XBRHMJY	[0, 0, 0, 1, 0, 0, 0, 0, 0, 0]
B08KHLT5CB	[0, 0, 0, 3, 0, 0, 0, 0, 0, 0]
B09M6LXMZL	[1, 0, 1, 1, 0, 2, 0, 0, 0, 0]
B09JKG121H	[6, 0, 6, 3, 2, 0, 1, 0, 0, 0]
B077HRVG6P	[0, 2, 5, 10, 0, 7, 2, 0, 1, 0]
B0839JYSGN	[0, 0, 1, 6, 0, 2, 0, 1, 0, 0]
B08R68DMDZ	[8, 4, 4, 8, 0, 0, 0, 0, 0, 0]
B07QHVXDBT	[3, 1, 1, 4, 0, 0, 1, 0, 0, 0]
B09FXG9GWM	[0, 0, 0, 0, 0, 0, 0, 0, 0, 0]
B08GSGZFS5	[10, 1, 15, 6, 1, 4, 2, 0, 2, 0]
B07WW1FYKN	[0, 0, 0, 31, 1, 0, 0, 0, 0, 0]
B09G35BMHY	[5, 1, 7, 9, 0, 3, 0, 0, 0, 0]
B075TV17Y7	[1, 0, 2, 1, 0, 0, 0, 0, 0, 0]
B086KVCX6R	[2, 2, 2, 2, 0, 0, 0, 1, 1, 1]
B01M3RCM3B	[1, 0, 2, 1, 0, 0, 0, 0, 0, 0]
B09FL8DS18	[3, 0, 7, 10, 1, 2, 1, 0, 0, 0]
B01I9GHK40	[13, 0, 16, 2, 2, 2, 3, 0, 0, 0]
B07YWK251G	[3, 2, 1, 5, 0, 1, 0, 0, 0, 1]
B07HHCD6YV	[0, 1, 1, 1, 0, 0, 0, 0, 1, 0]
B01LWK38QD	[7, 5, 21, 4, 1, 2, 3, 1, 1, 0]
B09ST5WPSR	[6, 0, 6, 3, 2, 0, 1, 0, 0, 0]
B01N0Y6Z1L	[0, 0, 2, 0, 0, 0, 0, 0, 0, 0]
B08NK2Q19H	[5, 3, 11, 5, 1, 3, 1, 1, 1, 0]
B09BJQ6B4Y	[0, 0, 0, 0, 0, 0, 0, 0, 0, 0]
B08W19731T	[4, 1, 7, 2, 0, 1, 1, 0, 0, 0]
B0756X5XJ2	[2, 1, 9, 2, 0, 4, 1, 0, 1, 1]
B08GM15Q1R	[3, 0, 4, 3, 1, 0, 1, 0, 0, 0]
B08DRNJSFS	[3, 0, 5, 2, 1, 0, 1, 0, 0, 0]
B0787PKL4L	[9, 0, 13, 2, 0, 0, 2, 0, 0, 0]
B09L8FFL5B	[3, 1, 5, 5, 0, 4, 0, 0, 1, 0]
B0821M53K5	[3, 0, 4, 2, 1, 0, 1, 0, 0, 0]
B08PZCSF8K	[3, 0, 5, 2, 1, 0, 1, 0, 0, 0]
B08Q7JRH3R	[0, 0, 0, 0, 0, 0, 0, 0, 0, 0]
B077VZ8QXT	[8, 2, 10, 6, 0, 1, 1, 0, 2, 1]
B075TSRLBM	[1, 0, 2, 1, 0, 0, 0, 0, 0, 0]
B086RFG6V1	[3, 0, 8, 2, 0, 0, 0, 0, 0, 0]
B084KJGGMN	[4, 4, 18, 5, 2, 5, 2, 4, 2, 2]
B07PYT1S71	[0, 1, 1, 1, 0, 0, 0, 1, 0, 0]
B083F2L53W	[0, 0, 1, 4, 0, 2, 0, 1, 0, 0]
B08GCXJ1LH	[1, 2, 2, 1, 0, 0, 0, 0, 0, 0]
B084TSCMTY	[0, 0, 0, 0, 0, 0, 0, 0, 0, 0]
B09FP5Y1QG	[3, 0, 7, 10, 1, 2, 1, 0, 0, 0]
B081FBK5GR	[2, 0, 0, 4, 0, 0, 0, 0, 0, 0]
B079TQV73F	[3, 0, 2, 3, 0, 0, 0, 0, 0, 0]
B0818XQWLN	[3, 0, 4, 2, 1, 0, 1, 0, 0, 0]
B081QP4NNP	[3, 0, 4, 2, 1, 0, 1, 0, 0, 0]
B083WNFLYM	[12, 3, 23, 4, 2, 0, 2, 0, 1, 0]
B076QD6G24	[0, 0, 2, 2, 0, 0, 0, 0, 0, 0]
B076JF6HCC	[8, 6, 16, 5, 1, 2, 2, 0, 1, 0]
B07CHKD9KZ	[3, 0, 8, 2, 0, 0, 0, 0, 0, 0]
B075GFTWML	[1, 0, 2, 1, 0, 0, 0, 0, 0, 0]
B08QJN2CXF	[7, 3, 6, 9, 0, 6, 2, 0, 0, 1]
B07BPXM295	[0, 0, 0, 1, 0, 0, 0, 0, 0, 0]
B08SQHGNCG	[10, 0, 13, 1, 1, 2, 1, 0, 0, 0]
B07LG9L5XB	[1, 0, 0, 3, 0, 0, 0, 0, 0, 0]
B09KT6W6FM	[0, 0, 1, 1, 0, 0, 1, 0, 0, 0]
B07ZT2PK2H	[7, 24, 37, 2, 0, 0, 1, 1, 0, 1]
B075TZZ4WZ	[9, 6, 15, 12, 3, 2, 3, 0, 0, 0]
B07S5ZTGDY	[14, 4, 7, 7, 0, 0, 0, 1, 1, 0]
B08QCLLW2Q	[3, 0, 5, 2, 1, 0, 1, 0, 0, 0]
B08P23YPVB	[0, 0, 1, 4, 0, 2, 0, 1, 0, 0]
B08LNX155Z	[3, 0, 4, 2, 0, 0, 0, 1, 0, 0]
B083GSVQQD	[6, 3, 9, 4, 1, 3, 1, 1, 0, 0]
B092J8XHXY	[7, 3, 35, 1, 0, 2, 3, 0, 0, 1]
B0722KZPGK	[5, 3, 6, 7, 0, 1, 1, 0, 0, 0]
B08D4XTRXS	[2, 10, 14, 3, 2, 2, 2, 2, 2, 2]
B09KTB7Y66	[0, 0, 1, 1, 0, 0, 1, 0, 0, 0]
B08F2WBFKP	[0, 0, 1, 1, 0, 1, 0, 1, 0, 0]
B083GM3ZX2	[5, 4, 11, 5, 1, 3, 1, 1, 1, 0]
B08B45W7KC	[2, 4, 9, 4, 1, 1, 1, 1, 1, 0]
B07PSNS4LW	[3, 0, 2, 3, 0, 0, 0, 0, 0, 0]
B09TSXMXM9	[5, 0, 11, 3, 1, 0, 0, 0, 0, 0]
B07JPYXZWB	[0, 0, 0, 1, 0, 0, 0, 0, 0, 0]
B084ZFR7XX	[19, 6, 10, 10, 0, 4, 1, 0, 0, 1]
B07T1C8YDM	[3, 0, 2, 1, 0, 0, 1, 0, 0, 0]
B09FF83RPZ	[6, 5, 12, 7, 1, 2, 2, 4, 3, 2]
B07SJBX3HG	[4, 6, 4, 30, 0, 2, 1, 1, 1, 1]
B081S1NFTW	[0, 0, 0, 0, 0, 0, 0, 0, 0, 0]
B07FW3GT7W	[0, 1, 1, 1, 0, 0, 0, 0, 1, 0]
B08V54ZSYN	[0, 0, 0, 1, 0, 0, 0, 0, 0, 0]
B07MC4D3D8	[0, 0, 0, 0, 0, 0, 0, 0, 0, 0]
B0968HNGH2	[1, 0, 1, 6, 0, 0, 0, 0, 0, 0]
B08PZCW9RV	[4, 2, 4, 1, 1, 0, 0, 0, 0, 0]
B0881W7RPV	[5, 3, 6, 3, 1, 5, 2, 1, 2, 0]
B07QX8DG4G	[7, 3, 9, 4, 1, 3, 1, 1, 1, 0]
B07YG74L1T	[3, 0, 2, 3, 0, 0, 0, 0, 0, 0]
B07CRDHFML	[3, 6, 12, 3, 5, 6, 1, 2, 4, 1]
B08CVSCCP3	[0, 0, 0, 0, 0, 0, 0, 0, 0, 0]
B08GN8YV7L	[0, 1, 0, 35, 0, 0, 0, 0, 0, 0]
B09KZBTM36	[1, 2, 2, 1, 1, 1, 0, 0, 1, 0]
B088P37WCP	[3, 0, 0, 12, 0, 1, 0, 0, 0, 0]
B075Q63ZF7	[1, 0, 2, 1, 0, 0, 0, 0, 0, 0]
B08LDQY52T	[2, 0, 0, 4, 0, 0, 0, 0, 0, 0]
B087JVXYR2	[0, 0, 0, 31, 1, 0, 0, 0, 0, 0]
B087N4B4LG	[1, 0, 1, 0, 0, 0, 0, 0, 0, 0]
B09QGZV99P	[5, 0, 10, 6, 0, 0, 0, 0, 0, 0]
B09J93XBFR	[4, 3, 5, 1, 0, 1, 1, 1, 0, 0]
B081F9CJFM	[8, 0, 5, 7, 0, 3, 0, 1, 0, 0]
B079MFXX44	[0, 0, 0, 1, 0, 0, 0, 0, 0, 0]
B08QRHN58G	[3, 0, 5, 2, 1, 0, 1, 0, 0, 0]
B07CRDH53D	[3, 6, 12, 3, 5, 6, 1, 2, 4, 1]
B07SBTL3BJ	[2, 0, 1, 0, 0, 0, 0, 0, 0, 0]
B07XGCDWKB	[7, 2, 6, 7, 0, 3, 0, 0, 2, 1]
B09SV9V1W1	[8, 4, 8, 3, 0, 3, 1, 1, 0, 0]
B09V2Z3JBZ	[2, 4, 2, 3, 0, 0, 0, 1, 1, 1]
B07NS7Z121	[2, 0, 13, 1, 1, 1, 1, 0, 0, 0]
B07WTQDNYG	[0, 1, 4, 2, 1, 2, 0, 0, 0, 0]
B085LFKQB6	[0, 0, 1, 4, 0, 0, 0, 0, 0, 0]
B08HQ72Z8G	[4, 0, 4, 5, 0, 2, 0, 0, 0, 0]
B07RT75PPC	[1, 0, 2, 1, 0, 0, 0, 0, 0, 0]
B08QV9TWV6	[3, 0, 8, 2, 0, 0, 0, 0, 0, 0]
B08PNZ3Q79	[3, 0, 5, 2, 1, 0, 1, 0, 0, 0]
B07T488B9J	[5, 2, 19, 7, 1, 2, 2, 2, 2, 1]
B08R4215JH	[3, 0, 5, 2, 1, 0, 1, 0, 0, 0]
B07MK35XBS	[5, 1, 7, 2, 0, 1, 0, 1, 0, 0]
B088NDD9XH	[11, 4, 18, 5, 0, 2, 2, 0, 0, 2]
B01NA9KO1P	[13, 15, 13, 8, 1, 3, 2, 1, 1, 1]
B07NBSHZL2	[5, 4, 7, 3, 0, 2, 1, 2, 1, 1]
B081VWBR1G	[5, 2, 5, 3, 0, 1, 0, 1, 0, 1]
B07P41YCYM	[3, 0, 8, 2, 0, 0, 0, 0, 0, 0]
B07M59FGL9	[1, 4, 3, 0, 0, 3, 0, 0, 0, 0]
B09LJ2WCJY	[2, 0, 0, 31, 1, 0, 0, 0, 0, 0]
B084H2K33L	[4, 4, 13, 8, 0, 1, 1, 1, 0, 1]
B01NAX4K87	[7, 1, 16, 7, 3, 4, 4, 2, 2, 0]
B06XRTJ29M	[1, 0, 2, 1, 0, 0, 0, 0, 0, 0]
B092MVR4DH	[13, 7, 10, 5, 0, 2, 3, 2, 2, 0]
B07WM2QL13	[0, 0, 0, 31, 1, 0, 0, 0, 0, 0]
B08Q4DWSCX	[3, 0, 5, 2, 1, 0, 1, 0, 0, 0]
B071WTRBYR	[1, 0, 2, 1, 0, 0, 0, 0, 0, 0]
B07V41F2LK	[0, 0, 0, 0, 0, 0, 0, 0, 0, 0]
B083ZG47N4	[5, 3, 11, 4, 1, 3, 1, 1, 1, 0]
B08PVRWN5W	[3, 0, 5, 2, 1, 0, 1, 0, 0, 0]
B08N6R9TK3	[0, 0, 1, 4, 0, 2, 0, 1, 0, 0]
B088MLDNRT	[0, 0, 0, 0, 0, 0, 0, 0, 0, 0]
B01LQ0FAVG	[0, 0, 0, 0, 0, 0, 0, 0, 0, 0]
B075DVY1SF	[1, 0, 2, 1, 0, 0, 0, 0, 0, 0]
B07XTF1F5J	[4, 2, 12, 3, 3, 0, 1, 0, 0, 0]
B09S12QFC6	[2, 4, 5, 5, 0, 1, 0, 0, 0, 1]
B07NS32H3T	[0, 0, 0, 1, 0, 0, 0, 0, 0, 0]
B07SCQNBDC	[5, 3, 7, 0, 0, 2, 1, 0, 0, 0]
B07KGHZZ58	[0, 0, 0, 1, 0, 0, 0, 0, 0, 0]
B07BV3FDJD	[0, 0, 0, 0, 0, 0, 0, 0, 0, 0]
B08V9GDNG1	[0, 3, 3, 1, 1, 1, 1, 0, 0, 0]
B06Y1291WV	[1, 0, 2, 1, 0, 0, 0, 0, 0, 0]
B073DGMLHX	[0, 1, 6, 8, 0, 0, 0, 0, 0, 0]
B071CG8GB8	[1, 0, 2, 1, 0, 0, 0, 0, 0, 0]
B09JBK86SS	[10, 6, 16, 6, 1, 2, 2, 1, 1, 0]
B0874Q7X47	[4, 3, 15, 5, 1, 3, 1, 1, 1, 0]
B088FYPRN5	[0, 0, 2, 0, 0, 1, 0, 0, 0, 0]
B09Q3DDPBH	[0, 0, 0, 0, 0, 0, 0, 0, 0, 0]
B09GS4PJRZ	[0, 0, 1, 4, 0, 3, 0, 0, 0, 0]
B086621RK9	[3, 0, 1, 9, 1, 1, 0, 1, 0, 0]
B07FDLLQ93	[8, 2, 9, 2, 0, 3, 0, 0, 0, 0]
B07VL5ZMGQ	[3, 0, 5, 3, 1, 0, 1, 0, 0, 0]
B085HJ4KPH	[4, 5, 2, 3, 0, 2, 1, 1, 0, 1]
B071NMXSLS	[19, 0, 25, 7, 1, 3, 3, 0, 0, 1]
B01EIQVFFA	[4, 4, 21, 7, 1, 3, 1, 2, 3, 1]
B07H3MWZ85	[0, 0, 0, 0, 0, 0, 0, 0, 0, 0]
B08G4YNJRD	[3, 0, 8, 2, 0, 0, 0, 0, 0, 0]
B08QCDM79D	[3, 0, 5, 2, 1, 0, 1, 0, 0, 0]
B08KG959RV	[0, 0, 0, 3, 0, 0, 0, 0, 0, 0]
B06X41Y9JP	[8, 2, 10, 9, 2, 5, 5, 1, 1, 1]
B08FVT7F8J	[1, 0, 2, 0, 0, 0, 0, 0, 0, 0]
B081S6YR3Q	[0, 1, 6, 6, 0, 1, 0, 0, 0, 1]
B075187DWT	[4, 0, 6, 3, 0, 2, 1, 0, 0, 0]
B082M4XV8X	[4, 1, 3, 0, 0, 2, 1, 1, 1, 1]
B07K36DRFT	[0, 6, 2, 1, 0, 0, 0, 0, 0, 0]
B098T4GBZS	[0, 3, 5, 3, 0, 3, 1, 1, 2, 0]
B07MVX3TJT	[0, 1, 0, 0, 0, 1, 1, 1, 0, 1]
B07FZ534W5	[2, 0, 1, 2, 0, 3, 0, 0, 0, 0]
B07FK56GVY	[6, 8, 14, 4, 1, 6, 2, 1, 4, 1]
B082V5L51P	[0, 1, 5, 6, 0, 1, 0, 0, 0, 1]
B07N68WRDK	[9, 4, 6, 3, 0, 1, 0, 1, 0, 0]
B08F59JMNF	[0, 0, 1, 1, 0, 1, 0, 0, 0, 0]
B07Z575MNP	[3, 9, 5, 2, 0, 2, 0, 0, 2, 0]
B07JFSPV73	[0, 2, 4, 3, 1, 3, 4, 0, 1, 1]
B08HSC5WT7	[1, 1, 0, 2, 0, 0, 0, 0, 0, 0]
B08296W87Z	[8, 4, 10, 5, 0, 1, 1, 2, 1, 0]
B07TYBZNKJ	[0, 0, 0, 0, 0, 0, 0, 0, 0, 0]
B074KFNWFD	[0, 1, 0, 1, 0, 0, 0, 0, 0, 0]
B07FDD79B2	[0, 0, 0, 0, 0, 0, 0, 0, 0, 0]
B07GDCJ526	[0, 0, 0, 0, 0, 0, 0, 0, 0, 0]
B074MR489M	[24, 11, 38, 4, 0, 10, 2, 7, 3, 4]
B07HMQZTTY	[3, 0, 8, 2, 0, 0, 0, 0, 0, 0]
B09GL244VD	[7, 0, 2, 1, 0, 4, 0, 0, 0, 0]
B074KKZT26	[18, 6, 31, 5, 2, 4, 2, 3, 0, 1]
B0829QXVTN	[0, 0, 0, 6, 0, 0, 0, 0, 0, 0]
B07QJ1BJLC	[0, 0, 1, 10, 0, 1, 0, 0, 0, 0]
B06XFN2TZN	[2, 0, 1, 1, 0, 0, 0, 0, 0, 0]
B081B5C63B	[3, 0, 4, 2, 1, 0, 1, 0, 0, 0]
B07PGKK416	[0, 0, 1, 0, 1, 2, 0, 1, 0, 1]
B07GZ11RGR	[4, 4, 13, 5, 0, 2, 0, 1, 0, 0]
B08D6Z7GP6	[1, 0, 2, 1, 0, 0, 0, 0, 0, 0]
B07NDFC51Q	[0, 0, 0, 0, 0, 0, 0, 0, 0, 0]
B09H2Z6F7H	[3, 0, 1, 9, 1, 1, 0, 1, 0, 0]
B08NGKX3SH	[7, 3, 6, 9, 0, 6, 2, 0, 0, 1]
B09GRYBV4C	[0, 0, 0, 3, 0, 0, 0, 0, 0, 0]
B086QV513T	[5, 2, 10, 4, 1, 3, 1, 1, 1, 0]
B082HVFLY4	[5, 3, 11, 4, 1, 3, 1, 1, 1, 0]
B07PNGPWP3	[1, 0, 0, 2, 0, 1, 1, 0, 0, 0]
B09B3XK158	[7, 2, 17, 6, 2, 9, 3, 0, 2, 0]
B08CY9PR8D	[0, 0, 0, 0, 0, 0, 0, 0, 0, 0]
B07BFBHCKB	[5, 17, 14, 16, 0, 0, 2, 4, 0, 1]
B07YSRTQ27	[1, 1, 1, 3, 0, 0, 0, 0, 0, 0]
B086C6Y41M	[2, 2, 2, 2, 0, 0, 0, 1, 1, 1]
B09KV812NL	[19, 5, 19, 9, 1, 6, 4, 1, 1, 0]
B07BNTRXYW	[2, 0, 1, 0, 0, 0, 0, 0, 0, 0]
B08Q4LJY33	[3, 0, 5, 2, 1, 0, 1, 0, 0, 0]
B085383293	[0, 5, 0, 1, 1, 2, 2, 4, 3, 2]
B08T1HYTQD	[5, 3, 11, 5, 1, 3, 1, 1, 1, 0]
B08PPK2SJ5	[3, 0, 5, 2, 1, 0, 1, 0, 0, 0]
B08R1GM8LM	[11, 4, 17, 9, 1, 3, 2, 1, 1, 0]
B08FR1BM7V	[3, 0, 8, 2, 0, 0, 0, 0, 0, 0]
B084RHC951	[4, 3, 12, 3, 1, 1, 0, 1, 2, 1]
B09N7M6MP7	[3, 0, 1, 9, 1, 1, 0, 1, 0, 0]
B08FMBP7CL	[5, 3, 11, 4, 1, 3, 1, 1, 1, 0]
B08422YBTY	[1, 1, 8, 0, 1, 1, 0, 0, 0, 0]
B074PDF3ZY	[1, 1, 2, 6, 0, 1, 0, 0, 0, 0]
B07CTP81N8	[5, 3, 11, 3, 1, 3, 1, 1, 1, 0]
B08BLVG6CQ	[2, 3, 4, 6, 0, 1, 1, 0, 0, 0]
B07L8WDSH8	[0, 0, 0, 0, 0, 0, 0, 0, 0, 0]
B08WJGG7LM	[0, 0, 0, 1, 0, 0, 0, 0, 0, 0]
B088NJP38V	[15, 6, 44, 17, 3, 4, 3, 2, 2, 3]
B07ZMWHNT1	[2, 2, 8, 1, 1, 0, 0, 1, 0, 1]
B08PZG4GLX	[3, 0, 5, 2, 1, 0, 1, 0, 0, 0]
B07V34SWPZ	[2, 1, 4, 4, 0, 2, 0, 1, 0, 0]
B01M4QGP3C	[4, 4, 21, 7, 1, 3, 1, 2, 3, 1]
B07CJ37YHB	[1, 0, 2, 1, 0, 0, 0, 0, 0, 0]
B01LXQXW3G	[1, 0, 2, 1, 0, 0, 0, 0, 0, 0]
B07MD1BW66	[0, 0, 0, 0, 0, 0, 0, 0, 0, 0]
B085414BNN	[7, 3, 8, 6, 0, 2, 1, 0, 0, 0]
B089WD542T	[0, 0, 0, 0, 0, 0, 0, 0, 0, 0]
B093LFKXMJ	[7, 1, 23, 8, 2, 2, 2, 0, 2, 0]
B08LLBWQWQ	[0, 0, 0, 3, 0, 0, 0, 0, 0, 0]
B078HJXGGT	[6, 3, 6, 3, 1, 2, 0, 0, 0, 0]
B07HB2S38K	[3, 0, 4, 2, 0, 0, 0, 1, 0, 0]
B08Q7RYWRW	[3, 0, 5, 2, 1, 0, 1, 0, 0, 0]
B081K2ZZQF	[3, 0, 4, 2, 1, 0, 1, 0, 0, 0]
B08HSC65SN	[1, 1, 0, 2, 0, 0, 0, 0, 0, 0]
B08DTQK457	[5, 3, 11, 6, 1, 3, 1, 1, 1, 0]
B07QWJMJY3	[5, 0, 3, 6, 0, 1, 0, 0, 0, 0]
B077BVSGS4	[7, 4, 14, 4, 0, 2, 0, 0, 0, 0]
B09T3BZN8M	[2, 0, 4, 0, 0, 0, 1, 0, 0, 0]
B07KW5X23N	[0, 0, 1, 1, 0, 1, 0, 0, 0, 0]
B08DDDXVKJ	[5, 3, 10, 3, 1, 2, 0, 3, 1, 1]
B07HCRR9VT	[10, 0, 13, 0, 1, 1, 2, 0, 0, 0]
B09MWH9MJD	[6, 0, 6, 3, 2, 0, 1, 0, 0, 0]
B01N4RQS4F	[0, 0, 0, 0, 0, 0, 0, 0, 0, 0]
B07P1MMFRP	[2, 0, 1, 1, 0, 0, 0, 0, 0, 0]
B082J3GPY6	[6, 4, 16, 5, 0, 0, 2, 2, 1, 1]
B08CQ17NFD	[10, 5, 2, 4, 0, 2, 0, 0, 0, 0]
B07VPN6NZK	[13, 0, 16, 2, 2, 2, 3, 0, 0, 0]
B085NS2PSD	[0, 0, 1, 4, 0, 2, 0, 1, 0, 0]
B08X9Y4SY2	[5, 1, 8, 2, 0, 0, 0, 1, 0, 1]
B07D22MPPX	[1, 1, 1, 1, 0, 1, 0, 1, 0, 0]
B08R3YZX3S	[3, 0, 5, 2, 1, 0, 1, 0, 0, 0]
B09MCM4JL6	[1, 1, 5, 10, 0, 2, 0, 0, 1, 0]
B09JRX1SB6	[1, 0, 0, 5, 0, 0, 0, 0, 0, 0]
B09LQYK3B1	[1, 1, 2, 3, 0, 1, 1, 0, 0, 0]
B0824WC43Z	[12, 4, 10, 16, 1, 0, 1, 0, 0, 0]
B08PVVLG6T	[3, 0, 5, 2, 1, 0, 1, 0, 0, 0]
B0875WZBN3	[3, 0, 4, 2, 1, 0, 1, 0, 0, 0]
B07RDJ6DHS	[5, 0, 3, 6, 0, 1, 0, 0, 0, 0]
B07C1S2NTX	[0, 0, 0, 1, 0, 0, 0, 0, 0, 0]
B07P2K3F3R	[3, 2, 3, 4, 0, 0, 0, 1, 1, 1]
B07PDQ1Q2B	[7, 5, 8, 7, 1, 4, 1, 0, 2, 0]
B0812DGXZ3	[0, 0, 0, 0, 0, 0, 0, 0, 0, 0]
B07KRVSSZG	[0, 0, 0, 0, 0, 0, 0, 0, 0, 0]
B089KL5SZ6	[0, 0, 1, 4, 0, 2, 0, 1, 0, 0]
B096VMXLV8	[0, 1, 3, 0, 0, 0, 0, 0, 0, 0]
B08PP4RTG6	[3, 0, 5, 2, 1, 0, 1, 0, 0, 0]
B06WWK5PG1	[1, 0, 2, 1, 0, 0, 0, 0, 0, 0]
B093LGGQ1Q	[5, 3, 12, 6, 1, 3, 0, 0, 1, 0]
B086WZQ3HZ	[7, 0, 6, 1, 0, 0, 0, 1, 0, 1]
B07RX8WLGG	[0, 3, 1, 3, 0, 0, 0, 0, 0, 0]
B09NPMSG2N	[9, 6, 15, 4, 2, 2, 2, 1, 1, 0]
B08XQZ6V2H	[1, 0, 1, 0, 0, 0, 0, 0, 0, 0]
B08331FMHX	[3, 0, 8, 2, 0, 0, 0, 0, 0, 0]
B06X6HBQ9J	[11, 1, 46, 6, 3, 3, 4, 1, 1, 0]
B07TT646TM	[5, 0, 3, 6, 0, 1, 0, 0, 0, 0]
B08FHT25L5	[0, 0, 0, 0, 0, 0, 0, 0, 0, 0]
B07BNK81YB	[0, 0, 1, 1, 0, 0, 0, 0, 0, 0]
B07QN75L14	[3, 0, 2, 3, 0, 0, 0, 0, 0, 0]
B071XHC4VX	[3, 2, 6, 2, 0, 1, 0, 0, 0, 0]
B079QWD1R7	[0, 0, 0, 1, 0, 0, 0, 0, 0, 0]
B07C5MYYBL	[6, 3, 6, 3, 1, 2, 0, 0, 0, 0]
B01E7TYGFO	[0, 0, 0, 0, 0, 0, 0, 0, 0, 0]
B07DTLTL57	[0, 0, 1, 0, 0, 0, 0, 0, 0, 0]
B09GS4T5Q8	[6, 1, 7, 1, 1, 1, 1, 0, 0, 0]
B075F37ZHM	[1, 0, 2, 1, 0, 0, 0, 0, 0, 0]
B084HBTDZG	[5, 3, 11, 4, 1, 3, 1, 1, 1, 0]
B08Q4GZZFW	[3, 0, 5, 2, 1, 0, 1, 0, 0, 0]
B07K7R42VJ	[6, 5, 5, 5, 0, 3, 3, 3, 0, 0]
B081S81RYJ	[4, 4, 8, 3, 0, 0, 1, 0, 0, 0]
B093D2SGKC	[5, 1, 6, 0, 0, 3, 1, 0, 0, 1]
B0787HK4FN	[0, 0, 0, 0, 0, 0, 0, 0, 0, 0]
B01JTL2PYE	[0, 4, 0, 2, 0, 2, 2, 0, 0, 0]
B09B18SK6R	[0, 0, 0, 1, 0, 0, 0, 0, 0, 0]
B07HQVQQQN	[0, 0, 0, 0, 0, 0, 0, 0, 0, 0]
B07PX3F7BB	[2, 0, 3, 0, 0, 0, 0, 0, 0, 0]
B08XDX6ZTJ	[1, 1, 0, 8, 1, 0, 0, 0, 0, 0]
B08DJ7XW7N	[1, 4, 6, 5, 0, 2, 1, 1, 1, 0]
B089TB4JR7	[3, 0, 4, 2, 1, 0, 1, 0, 0, 0]
B07HLJ8JW5	[0, 0, 0, 0, 0, 0, 0, 0, 0, 0]
B09NNTMTN5	[21, 8, 25, 10, 0, 4, 2, 2, 0, 0]
B07Q6Y3ZH6	[3, 3, 2, 3, 0, 0, 1, 0, 0, 0]
B079RBQJQ7	[0, 0, 0, 1, 0, 0, 0, 0, 0, 0]
B07L8DK8SC	[1, 0, 1, 2, 0, 1, 1, 0, 0, 0]
B07QBCMMT4	[3, 0, 2, 3, 0, 0, 0, 0, 0, 0]
B0819W2T38	[0, 0, 0, 0, 0, 0, 0, 0, 0, 0]
B09S17KCFK	[2, 0, 5, 6, 0, 3, 0, 0, 0, 0]
B08D3WD2H9	[5, 1, 4, 9, 1, 2, 1, 1, 1, 0]
B084VJBT8C	[7, 0, 8, 4, 0, 2, 1, 0, 0, 0]
B0979PQQ5G	[0, 0, 0, 0, 0, 0, 0, 0, 0, 0]
B07PSNRPQW	[13, 3, 10, 1, 1, 1, 1, 0, 0, 0]
B07X6H63QT	[0, 0, 0, 0, 0, 0, 0, 0, 0, 0]
B087X84C7P	[0, 0, 2, 2, 0, 1, 0, 0, 0, 0]
B083XYXZVQ	[6, 2, 9, 9, 1, 5, 3, 2, 1, 1]
B086698RZP	[0, 1, 1, 1, 0, 0, 0, 1, 0, 0]
B07KRPP3WR	[2, 1, 3, 5, 1, 1, 0, 0, 0, 1]
B08R3KD5YR	[1, 6, 4, 3, 0, 0, 0, 1, 1, 1]
B08ZNY9FV9	[5, 3, 13, 4, 1, 3, 1, 1, 1, 0]
B095PXDRPT	[1, 4, 4, 5, 1, 1, 0, 0, 0, 0]
B07JDTKYWS	[7, 0, 4, 0, 1, 1, 0, 0, 0, 0]
B07F3PV2MY	[6, 3, 3, 2, 1, 1, 1, 1, 1, 1]
B08PZDDXL5	[3, 0, 5, 2, 1, 0, 1, 0, 0, 0]
B08BTWTD71	[6, 0, 11, 2, 0, 0, 2, 0, 0, 0]
B095CGTGHW	[8, 4, 17, 5, 1, 3, 4, 1, 1, 0]
B09GVYYFX1	[0, 1, 2, 4, 0, 0, 0, 0, 0, 0]
B082KR3893	[4, 0, 4, 5, 0, 1, 0, 0, 0, 0]
B07FKLZ97H	[9, 2, 5, 12, 0, 2, 0, 1, 0, 0]
B07HD2S3FN	[2, 0, 0, 5, 0, 0, 0, 0, 0, 0]
B07BF7XL6F	[4, 7, 5, 5, 0, 0, 1, 3, 0, 1]
B07MM63ZY3	[0, 0, 0, 5, 0, 0, 0, 0, 0, 0]
B07KKD528Y	[7, 4, 14, 4, 0, 0, 3, 1, 0, 2]
B0719P6PL7	[4, 0, 0, 2, 0, 0, 0, 0, 0, 0]
B08NYDP55R	[0, 1, 0, 37, 0, 0, 0, 0, 0, 0]
B07X84VQTB	[1, 0, 12, 1, 1, 3, 0, 0, 0, 0]
B088KK5LHV	[3, 0, 1, 9, 1, 1, 0, 1, 0, 0]
B074NY8FV6	[1, 0, 2, 1, 0, 0, 0, 0, 0, 0]
B08PVJK7Q5	[3, 0, 5, 2, 1, 0, 1, 0, 0, 0]
B094YFQ95F	[2, 2, 0, 2, 0, 2, 0, 0, 0, 0]
B075L8JCF9	[1, 0, 2, 1, 0, 0, 0, 0, 0, 0]
B075JB58NC	[1, 0, 2, 1, 0, 0, 0, 0, 0, 0]
B07KKG9YJ5	[0, 1, 0, 0, 0, 0, 0, 0, 0, 0]
B08SHK5CGY	[5, 3, 10, 4, 1, 3, 1, 1, 1, 0]
B089664HQN	[2, 2, 2, 2, 0, 0, 0, 1, 1, 1]
B09GY7NXSC	[3, 0, 1, 9, 1, 1, 0, 1, 0, 0]
B0731LJ4L9	[0, 0, 0, 19, 0, 0, 0, 0, 0, 0]
B07QR1RZWR	[3, 0, 2, 3, 0, 0, 0, 0, 0, 0]
B07S1X7WNW	[5, 0, 3, 6, 0, 1, 0, 0, 0, 0]
B07BTPF4BF	[0, 0, 0, 0, 0, 0, 0, 0, 0, 0]
B08BFV8BC8	[18, 2, 13, 4, 0, 5, 1, 1, 0, 0]
B08F2MGCP5	[1, 0, 0, 3, 0, 1, 0, 0, 0, 0]
B08QR9B397	[5, 3, 10, 11, 1, 2, 1, 0, 2, 5]
B09335D4C4	[0, 0, 0, 0, 0, 0, 0, 0, 0, 0]
B0821BQ3RW	[3, 0, 5, 2, 1, 0, 1, 0, 0, 0]
B01N1ZVI7M	[12, 0, 15, 2, 5, 2, 3, 0, 0, 0]
B07VBP5GSC	[6, 0, 3, 7, 0, 2, 1, 0, 0, 0]
B09BCV4441	[9, 0, 10, 1, 1, 2, 2, 0, 0, 0]
B093WNY134	[8, 4, 11, 4, 0, 1, 0, 1, 1, 0]
B07KPVKRFW	[11, 4, 7, 2, 0, 0, 2, 0, 1, 0]
B08BW8XLR9	[0, 0, 0, 0, 0, 0, 0, 0, 0, 0]
B09H38QK8T	[1, 6, 6, 3, 0, 0, 0, 0, 1, 2]
B07JMM35CJ	[1, 0, 2, 1, 0, 0, 0, 0, 0, 0]
B079KTHX79	[2, 0, 5, 2, 0, 1, 0, 0, 0, 0]
B07WRS58M1	[1, 0, 3, 0, 0, 0, 0, 0, 0, 0]
B08QNCPQ6N	[3, 0, 5, 2, 1, 0, 1, 0, 0, 0]
B07TFDRB34	[10, 2, 10, 3, 1, 1, 0, 1, 1, 1]
B0897R6XB1	[0, 0, 1, 4, 0, 2, 0, 1, 0, 0]
B096KDBNNX	[0, 4, 6, 3, 0, 6, 2, 5, 5, 1]
B08W3YH8RQ	[2, 2, 4, 3, 0, 1, 0, 2, 0, 1]
B08D9MWRNP	[11, 5, 22, 3, 0, 1, 2, 1, 0, 0]
B07RWB787R	[9, 8, 21, 3, 0, 1, 1, 1, 1, 0]
B07WSHW67Y	[5, 3, 10, 4, 1, 3, 1, 1, 1, 0]
B01HBI4FIQ	[11, 2, 7, 10, 0, 1, 2, 2, 0, 0]
B08Y5JZ35V	[7, 0, 9, 3, 1, 3, 2, 0, 0, 1]
B08XN6RHV9	[11, 1, 7, 4, 2, 2, 3, 0, 0, 0]
B07GT4M35T	[0, 0, 0, 1, 0, 0, 0, 0, 0, 0]
B07S63QW6P	[3, 0, 2, 3, 0, 0, 0, 0, 0, 0]
B08PZ8HVY1	[3, 0, 5, 2, 1, 0, 1, 0, 0, 0]
B082YCJSL4	[0, 0, 1, 6, 0, 2, 0, 1, 0, 0]
B08PVY8RT1	[3, 0, 5, 2, 1, 0, 1, 0, 0, 0]
B08V96JNM1	[2, 0, 0, 1, 0, 0, 0, 0, 0, 0]
B08K984CDQ	[0, 0, 0, 0, 0, 0, 0, 0, 0, 0]
B07J5RWX4N	[0, 0, 0, 0, 0, 0, 0, 0, 0, 0]
B081YZ3J82	[3, 0, 4, 2, 1, 0, 1, 0, 0, 0]
B086JRD7CX	[2, 2, 2, 2, 0, 0, 0, 1, 1, 1]
B081NDF3HX	[3, 0, 5, 2, 1, 0, 1, 0, 0, 0]
B0875KVMK6	[23, 28, 38, 28, 4, 10, 4, 3, 1, 5]
B09ML1P3RN	[4, 4, 11, 6, 0, 3, 1, 1, 0, 0]
B0746KJ11G	[5, 3, 6, 7, 0, 1, 1, 0, 0, 0]
B07YYGVNM4	[5, 3, 11, 9, 1, 3, 1, 1, 1, 1]
B08R422GZG	[3, 0, 5, 2, 1, 0, 1, 0, 0, 0]
B07SSZWCC8	[5, 5, 5, 9, 0, 1, 1, 4, 1, 1]
B08F2K66WF	[1, 0, 0, 3, 0, 1, 0, 0, 0, 0]
B07C38YLJJ	[1, 0, 2, 5, 0, 1, 0, 0, 0, 0]
B083SN9PSH	[3, 0, 0, 1, 0, 1, 1, 0, 0, 0]
B08B5THZH5	[3, 0, 2, 0, 0, 0, 0, 0, 0, 0]
B08DNZSQG9	[3, 0, 5, 2, 1, 0, 1, 0, 0, 0]
B0967TNWZ3	[0, 0, 0, 0, 0, 0, 0, 0, 0, 0]
B097CGL2RG	[1, 0, 3, 1, 0, 1, 0, 0, 0, 0]
B08C1JHG98	[4, 14, 1, 2, 0, 1, 0, 1, 0, 0]
B09BGBG2QK	[0, 0, 0, 2, 0, 0, 0, 0, 0, 0]
B08D9PL4DH	[1, 1, 0, 8, 1, 0, 0, 0, 0, 0]
B08YQVP9T1	[1, 4, 6, 5, 0, 2, 1, 1, 1, 0]
B07FDKF4ZX	[0, 0, 0, 0, 0, 1, 0, 0, 0, 0]
B08Q7C3NM8	[3, 0, 5, 2, 1, 0, 1, 0, 0, 0]
B08PBZKQWZ	[0, 4, 6, 3, 0, 3, 0, 0, 0, 0]
B083P28DK8	[2, 2, 8, 1, 1, 0, 0, 1, 0, 1]
B088NWCT4N	[2, 0, 3, 3, 0, 2, 0, 0, 0, 0]
B07HHDCW2N	[0, 0, 0, 3, 0, 0, 0, 0, 0, 0]
B088TVXZQ1	[1, 2, 2, 1, 0, 0, 0, 0, 0, 0]
B07NZ6PSJX	[0, 0, 0, 1, 0, 0, 0, 0, 0, 0]
B07F35D87R	[0, 0, 2, 6, 0, 4, 0, 0, 0, 0]
B01N6QUAXX	[4, 0, 7, 1, 0, 1, 2, 0, 0, 0]
B07BBVBBX7	[7, 2, 8, 1, 0, 0, 3, 3, 1, 1]
B08QC7VLSH	[3, 0, 5, 2, 1, 0, 1, 0, 0, 0]
B07BNMX9GC	[0, 2, 2, 22, 0, 0, 0, 1, 0, 0]
B08SQQ2C1N	[4, 0, 2, 1, 0, 0, 0, 1, 0, 0]
B07L4NZTF3	[0, 1, 0, 0, 0, 0, 0, 0, 0, 0]
B08Q4G42XL	[3, 0, 5, 2, 1, 0, 1, 0, 0, 0]
B07FZX1N5S	[13, 1, 17, 38, 1, 2, 1, 5, 2, 1]
B07M67XYZN	[0, 0, 0, 0, 0, 0, 0, 0, 0, 0]
B08M496VGB	[0, 0, 0, 2, 0, 0, 0, 0, 0, 0]
B07F655Y2N	[0, 0, 1, 0, 0, 0, 0, 0, 0, 0]
B083LG414V	[1, 0, 3, 15, 0, 0, 0, 0, 0, 0]
B08D6YTKLW	[1, 0, 2, 1, 0, 0, 0, 0, 0, 0]
B07FXJL2NN	[1, 3, 4, 2, 0, 0, 0, 1, 1, 0]
B088FL26FM	[10, 0, 1, 1, 1, 1, 0, 1, 0, 0]
B07D4M6Z1Y	[0, 0, 2, 1, 0, 0, 0, 0, 0, 0]
B08PVY74DV	[3, 0, 5, 2, 1, 0, 1, 0, 0, 0]
B079T46PHL	[3, 5, 6, 11, 3, 4, 1, 2, 3, 0]
B081S5KQ35	[0, 0, 0, 0, 0, 0, 0, 0, 0, 0]
B07SL6F2YT	[5, 0, 3, 6, 0, 1, 0, 0, 0, 0]
B07HG5JYWT	[6, 13, 2, 3, 1, 1, 0, 1, 0, 0]
B09FF8XM5Z	[1, 4, 4, 5, 1, 1, 0, 0, 0, 0]
B07586HT1C	[1, 0, 2, 1, 0, 0, 0, 0, 0, 0]
B07K9KNRZ6	[3, 0, 8, 2, 0, 0, 0, 0, 0, 0]
B093DKGYQF	[3, 0, 6, 1, 0, 0, 1, 1, 0, 0]
B089DJWT3L	[0, 0, 1, 4, 0, 2, 0, 1, 0, 0]
B01N188I03	[8, 1, 9, 6, 0, 1, 1, 1, 0, 1]
B07PFDYL48	[0, 1, 0, 2, 0, 0, 0, 0, 0, 0]
B08VRFSCD8	[0, 1, 0, 0, 0, 0, 0, 0, 0, 0]
B0794BPX9T	[10, 7, 17, 9, 1, 4, 1, 1, 1, 1]
B07JHNWJP6	[0, 0, 1, 0, 0, 0, 0, 0, 0, 0]
B08NDYXDF1	[1, 6, 3, 24, 1, 0, 1, 0, 0, 0]
B07PRW67LC	[5, 2, 5, 3, 1, 2, 1, 1, 3, 0]
B08BFVSDJG	[18, 2, 13, 4, 0, 5, 1, 1, 0, 0]
B082338CX2	[3, 0, 4, 2, 1, 0, 1, 0, 0, 0]
B09DTCSJZF	[0, 0, 0, 0, 0, 0, 0, 0, 0, 0]
B07V9N3CLC	[0, 2, 4, 3, 1, 3, 4, 0, 1, 1]
B084H978W7	[11, 0, 10, 4, 0, 0, 0, 1, 0, 0]
B081B1RL5S	[3, 0, 4, 2, 1, 0, 1, 0, 0, 0]
B07VYS5N55	[1, 0, 0, 4, 0, 2, 0, 1, 0, 0]
B09F3DT5XT	[7, 3, 8, 6, 0, 2, 1, 0, 0, 0]
B08ZBYVMXG	[25, 10, 32, 5, 0, 2, 3, 5, 0, 1]
B07TDNC6RV	[0, 0, 2, 35, 1, 0, 0, 0, 0, 0]
B08W1RDL7H	[0, 3, 14, 1, 0, 0, 0, 0, 0, 2]
B01EIQSPOY	[16, 4, 17, 9, 1, 2, 2, 0, 1, 1]
B07GTGRBFR	[9, 0, 10, 6, 1, 1, 1, 0, 0, 0]
B0832GQPCG	[4, 0, 4, 5, 0, 1, 0, 0, 0, 0]
B08J87YT43	[1, 0, 0, 5, 0, 1, 0, 0, 0, 0]
B09FD6LB8D	[9, 0, 10, 4, 1, 0, 1, 0, 0, 0]
B09HMHSYPY	[11, 0, 11, 5, 0, 3, 4, 0, 1, 0]
B06XZH3FJZ	[1, 0, 2, 1, 0, 0, 0, 0, 0, 0]
B088TVLBNR	[3, 0, 2, 3, 0, 0, 0, 0, 0, 0]
B07CRHR3GS	[3, 6, 13, 3, 5, 6, 1, 2, 4, 1]
B08SM9GFJ9	[1, 1, 2, 7, 0, 1, 0, 1, 0, 0]
B08BJ5ZYVJ	[12, 3, 21, 5, 1, 5, 0, 1, 0, 1]
B07N6DKRFF	[0, 0, 0, 0, 0, 0, 0, 0, 0, 0]
B088T1H8YR	[3, 0, 1, 7, 1, 1, 0, 1, 0, 0]
B08L6Y29BG	[4, 1, 4, 3, 0, 0, 1, 0, 0, 0]
B09RKCZHWX	[6, 0, 6, 3, 2, 0, 1, 0, 0, 0]
B08Q4FZP2F	[3, 0, 5, 2, 1, 0, 1, 0, 0, 0]
B08JGYKBWZ	[1, 0, 0, 0, 0, 0, 0, 0, 0, 0]
B0837V2BTD	[13, 3, 7, 3, 0, 1, 0, 0, 1, 0]
B09V4LFZDG	[1, 3, 2, 3, 0, 0, 0, 0, 0, 0]
B0824V6XR2	[1, 4, 6, 5, 0, 2, 1, 1, 1, 0]
B07L5QPGR9	[1, 0, 2, 1, 0, 0, 0, 0, 0, 0]
B09TWYJFTM	[11, 0, 20, 1, 4, 5, 0, 0, 0, 0]
B08XB5L86M	[5, 3, 11, 4, 1, 3, 1, 1, 1, 0]
B07PXLLS54	[1, 1, 1, 0, 0, 1, 0, 0, 0, 0]
B07F2G7PMR	[3, 0, 2, 7, 0, 2, 0, 0, 0, 0]
B08W5BP1Z4	[3, 0, 2, 3, 0, 0, 0, 0, 0, 0]
B0823XKL3H	[1, 1, 2, 4, 0, 0, 0, 0, 0, 0]
B07ZB1352N	[2, 3, 5, 23, 0, 4, 0, 1, 2, 1]
B07CVLPN9Y	[0, 0, 0, 0, 0, 0, 0, 0, 0, 0]
B07QX4Z6MK	[3, 0, 2, 3, 0, 0, 0, 0, 0, 0]
B08LVFM84T	[17, 8, 71, 30, 0, 4, 4, 0, 2, 6]
B07KXWW8TP	[3, 1, 3, 8, 1, 2, 1, 2, 0, 2]
B07SM9PLZ9	[1, 0, 1, 1, 0, 0, 1, 1, 1, 0]
B08KS1K9MF	[3, 4, 21, 5, 3, 2, 2, 1, 2, 0]
B0819YTKH9	[0, 0, 0, 10, 0, 1, 0, 0, 1, 0]
B07C5L2MVZ	[6, 3, 6, 3, 1, 2, 0, 0, 0, 0]
B07C9183KD	[2, 3, 22, 0, 0, 1, 1, 2, 0, 0]
B07NQLG7VF	[0, 0, 0, 0, 0, 0, 0, 0, 0, 0]
B097BYFMXF	[0, 0, 0, 0, 0, 0, 0, 0, 0, 0]
B086W5GR6C	[4, 3, 3, 0, 0, 1, 0, 0, 1, 0]
B07CMXZJ9R	[0, 0, 0, 1, 0, 0, 0, 0, 0, 0]
B07CGQQC1R	[0, 2, 2, 5, 0, 0, 0, 0, 0, 0]
B07H8L38H3	[25, 15, 24, 228, 2, 7, 8, 10, 3, 2]
B07NMLKD7B	[2, 2, 8, 11, 1, 1, 1, 1, 1, 0]
B07GQRBVRN	[27, 4, 23, 32, 2, 6, 0, 0, 2, 0]
B09JK4NKT4	[2, 0, 1, 7, 0, 2, 0, 0, 0, 0]
B089W63XXF	[0, 0, 0, 0, 0, 0, 0, 0, 0, 0]
B09BG271WF	[0, 2, 0, 0, 0, 0, 0, 0, 0, 0]
B08PVTQZDR	[3, 0, 5, 2, 1, 0, 1, 0, 0, 0]
B088TVBJ4P	[0, 0, 0, 2, 0, 0, 0, 0, 0, 0]
B06Y13422L	[1, 2, 2, 1, 0, 0, 0, 0, 0, 0]
B07JY9S81F	[3, 0, 8, 0, 0, 0, 0, 0, 0, 0]
B0896XSPZR	[12, 3, 9, 8, 1, 3, 1, 1, 0, 1]
B09BBLSFK2	[0, 0, 0, 0, 0, 0, 0, 0, 0, 0]
B07B7CYQYC	[0, 0, 0, 0, 0, 0, 0, 0, 0, 0]
B08PYD8ZP5	[9, 1, 15, 2, 0, 3, 0, 0, 0, 0]
B079NTNDT2	[2, 3, 6, 3, 0, 0, 0, 0, 3, 0]
B07NMCSXN2	[0, 3, 1, 9, 0, 2, 0, 1, 1, 0]
B08X7178ST	[8, 7, 17, 0, 0, 0, 0, 0, 1, 1]
B08XPWGGYQ	[0, 0, 0, 0, 0, 0, 0, 0, 0, 0]
B07G499VCZ	[0, 0, 0, 1, 0, 0, 0, 0, 0, 0]
B0854F25FK	[5, 1, 4, 9, 1, 2, 1, 1, 1, 0]
B091YRGG7B	[0, 1, 0, 0, 0, 0, 0, 0, 0, 0]
B07RQV6JXJ	[0, 1, 3, 1, 1, 0, 1, 0, 1, 0]
B07JQ1WVZQ	[9, 0, 13, 2, 0, 0, 2, 0, 0, 0]
B07PPN3TXD	[0, 0, 0, 2, 0, 0, 0, 0, 0, 0]
B07L14M987	[0, 0, 0, 2, 0, 0, 0, 0, 0, 0]
B08F2G67QB	[3, 4, 12, 6, 2, 1, 0, 0, 1, 2]
B07HRTBPCK	[8, 0, 2, 2, 0, 0, 0, 0, 0, 0]
B07PN53JT3	[0, 0, 0, 0, 0, 0, 0, 0, 0, 0]
B083K655ZF	[0, 0, 1, 4, 0, 2, 0, 1, 0, 0]
B07JWHT3F3	[0, 2, 1, 4, 0, 2, 0, 1, 1, 1]
B09LMCRBQC	[7, 2, 12, 1, 0, 0, 1, 1, 1, 1]
B08B45MTKP	[3, 0, 4, 2, 1, 0, 1, 0, 0, 0]
B07SWR6YND	[1, 0, 1, 5, 0, 1, 0, 1, 0, 0]
B08L3SD3WP	[4, 0, 2, 2, 0, 0, 2, 0, 0, 0]
B09KSXHXV3	[0, 0, 1, 1, 0, 0, 1, 0, 0, 0]
B09GW8BYGL	[3, 0, 1, 7, 1, 1, 0, 1, 0, 0]
B08TBWVDM1	[1, 4, 4, 5, 1, 1, 0, 0, 0, 0]
B06XTKDH14	[2, 5, 5, 2, 0, 1, 0, 0, 0, 0]
B07TXW7FBP	[4, 0, 4, 5, 0, 1, 0, 0, 0, 0]
B01N5JOIK2	[7, 5, 11, 12, 2, 6, 5, 3, 3, 0]
B082BGZG15	[14, 3, 15, 5, 0, 0, 2, 0, 0, 1]
B08PVMR2M1	[3, 0, 5, 2, 1, 0, 1, 0, 0, 0]
B07J9LNK2D	[4, 0, 9, 3, 1, 1, 1, 0, 0, 0]
B095W8SC4D	[6, 6, 14, 3, 2, 5, 2, 6, 3, 1]
B09V2Z6FPN	[0, 0, 0, 1, 0, 0, 0, 0, 0, 0]
B081775X6C	[4, 8, 3, 4, 0, 1, 0, 0, 0, 0]
B07MXKNP3S	[0, 0, 0, 0, 0, 0, 0, 0, 0, 0]
B08Q4GD98H	[3, 0, 5, 2, 1, 0, 1, 0, 0, 0]
B088TXB62H	[0, 3, 2, 8, 0, 0, 2, 1, 0, 0]
B07B9QMTFQ	[4, 0, 0, 1, 0, 0, 0, 0, 0, 0]
B08QD6YRSV	[3, 0, 5, 2, 1, 0, 1, 0, 0, 0]
B079WY54NQ	[4, 2, 5, 6, 0, 2, 2, 0, 1, 0]
B08CBN2KLS	[3, 0, 4, 2, 1, 0, 1, 0, 0, 0]
B07H5783VK	[0, 0, 0, 0, 0, 0, 0, 0, 0, 0]
B07RVD8T7X	[1, 0, 2, 1, 0, 0, 0, 0, 0, 0]
B08Q4HQ2NC	[3, 0, 5, 2, 1, 0, 1, 0, 0, 0]
B07XGHVF4J	[5, 2, 19, 7, 1, 2, 2, 2, 2, 1]
B07TY3RVDQ	[5, 0, 3, 6, 0, 1, 0, 0, 0, 0]
B07B9H4YVQ	[4, 12, 52, 4, 0, 1, 1, 1, 2, 1]
B07D6LZTDS	[0, 0, 0, 1, 0, 0, 0, 0, 0, 0]
B088X5HXMC	[3, 0, 1, 7, 1, 1, 0, 1, 0, 0]
B08R425YCH	[3, 0, 5, 2, 1, 0, 1, 0, 0, 0]
B09BR9PY3X	[0, 0, 0, 2, 0, 0, 0, 0, 0, 0]
B091FN6BSP	[0, 0, 0, 0, 0, 0, 0, 0, 0, 0]
B089NTQCH9	[12, 0, 0, 59, 0, 0, 2, 0, 0, 0]
B085F225B6	[6, 0, 1, 5, 0, 4, 0, 0, 0, 0]
B07R46WL5Q	[4, 0, 4, 5, 0, 2, 0, 0, 0, 0]
B077C124W3	[1, 0, 2, 1, 0, 0, 0, 0, 0, 0]
B07ZP7KB74	[0, 0, 0, 1, 0, 0, 0, 0, 0, 0]
B082V934HJ	[0, 0, 1, 9, 0, 1, 0, 0, 0, 0]
B07JWJ1KN7	[5, 5, 8, 1, 0, 1, 2, 0, 0, 1]
B09KSV9H82	[0, 0, 1, 1, 0, 0, 1, 0, 0, 0]
B07Q29MFYP	[7, 2, 2, 6, 0, 1, 1, 0, 1, 1]
B09F9R89F3	[0, 0, 0, 0, 0, 0, 0, 0, 0, 0]
B083SLFYYB	[2, 0, 2, 1, 0, 1, 0, 0, 0, 0]
B09G38JDST	[5, 1, 7, 9, 0, 3, 0, 0, 0, 0]
B088P35JK9	[11, 5, 15, 7, 2, 6, 5, 2, 2, 1]
B08QV7L3HJ	[5, 3, 10, 3, 1, 3, 1, 1, 1, 0]
B08F6WG2QT	[5, 3, 14, 4, 1, 3, 1, 1, 1, 0]
B07NDS2GJ9	[0, 0, 0, 3, 0, 0, 0, 0, 0, 0]
B09HMJM6CM	[3, 0, 1, 9, 1, 1, 0, 1, 0, 0]
B095DYHD9S	[6, 3, 7, 3, 1, 4, 1, 1, 1, 1]
B07CRJN2WB	[3, 6, 13, 3, 5, 6, 1, 2, 4, 1]
B07YW72N34	[16, 0, 18, 1, 0, 1, 0, 1, 2, 1]
B08GXQP7VP	[2, 0, 0, 4, 0, 0, 0, 0, 0, 0]
B08D6YSNSH	[1, 0, 2, 1, 0, 0, 0, 0, 0, 0]
B07MN84KH5	[0, 0, 1, 2, 0, 0, 0, 0, 0, 0]
B09JWYNGWV	[2, 0, 1, 0, 0, 1, 0, 0, 0, 0]
B07QZ2DXKF	[1, 0, 1, 8, 1, 1, 0, 0, 0, 0]
B07S8SFJ76	[2, 2, 8, 18, 1, 1, 1, 1, 1, 0]
B07KCFPV5M	[0, 0, 0, 0, 0, 0, 0, 0, 0, 0]
B08FCJT7PR	[10, 5, 18, 4, 1, 2, 3, 1, 1, 0]
B086JXPKYW	[0, 0, 1, 0, 0, 0, 0, 0, 0, 0]
B07CRKFRLM	[3, 6, 12, 3, 5, 6, 1, 2, 4, 1]
B07L6J5DX2	[2, 9, 10, 2, 0, 0, 0, 2, 1, 0]
B081QH67ZQ	[2, 0, 1, 3, 0, 1, 0, 0, 0, 0]
B07X3JG3HQ	[1, 0, 1, 0, 0, 0, 0, 0, 0, 0]
B07YXZFRB6	[3, 0, 6, 6, 0, 0, 0, 0, 0, 0]
B084GX655F	[3, 0, 4, 2, 1, 0, 1, 0, 0, 0]
B07BBRLL83	[12, 7, 18, 9, 2, 3, 2, 3, 1, 1]
B0817M7DKX	[3, 0, 4, 2, 1, 0, 1, 0, 0, 0]
B08PZ95TSB	[3, 0, 5, 2, 1, 0, 1, 0, 0, 0]
B085TPN98H	[4, 3, 3, 0, 0, 1, 0, 0, 1, 0]
B0893NZ352	[18, 4, 28, 22, 0, 4, 1, 3, 0, 2]
B07R8ZPJNX	[3, 0, 8, 2, 0, 0, 0, 0, 0, 0]
B07MXMTXTM	[1, 4, 3, 0, 0, 3, 0, 0, 0, 0]
B07G94T74L	[2, 0, 2, 0, 0, 0, 1, 0, 0, 0]
B08R8C1XXF	[12, 10, 7, 11, 0, 3, 1, 3, 1, 3]
B08B1T41N5	[6, 3, 9, 4, 1, 3, 1, 1, 0, 0]
B081K4CM7X	[3, 0, 4, 2, 1, 0, 1, 0, 0, 0]
B08SBXZKRM	[5, 1, 12, 5, 1, 5, 1, 2, 1, 0]
B08LV5DFKP	[2, 10, 14, 4, 2, 2, 2, 2, 2, 2]
B0922VCXSJ	[0, 0, 0, 0, 0, 0, 0, 0, 0, 0]
B081C1YGPP	[9, 1, 6, 1, 0, 2, 1, 0, 0, 0]
B092G9SW8Q	[19, 9, 35, 13, 1, 3, 3, 3, 2, 3]
B08JCNH3XP	[5, 10, 8, 6, 0, 2, 0, 4, 0, 1]
B092976DDV	[0, 0, 0, 0, 0, 0, 0, 0, 0, 0]
B07CGQY5FN	[0, 0, 0, 1, 0, 0, 0, 0, 0, 0]
B08178MR5M	[4, 8, 3, 4, 0, 1, 0, 0, 0, 0]
B07CYZ8HCN	[0, 0, 0, 0, 0, 0, 0, 0, 0, 0]
B08FZDSF7T	[5, 3, 11, 4, 1, 3, 1, 1, 1, 0]
B08PP7XF1H	[3, 0, 5, 2, 1, 0, 1, 0, 0, 0]
B07CRJ91PB	[3, 6, 13, 3, 5, 6, 1, 2, 4, 1]
B09KTB2F4C	[0, 0, 1, 1, 0, 0, 1, 0, 0, 0]
B08L7SDKQX	[3, 0, 4, 2, 1, 0, 1, 0, 0, 0]
B08T1RQDCQ	[4, 4, 22, 6, 1, 5, 1, 1, 1, 1]
B096K35L81	[3, 0, 2, 3, 0, 0, 0, 0, 0, 0]
B08NK5YJKC	[18, 4, 16, 0, 0, 0, 0, 0, 0, 0]
B07DLN96M7	[2, 0, 1, 3, 2, 0, 0, 0, 0, 0]
B08PNMDFHY	[3, 0, 5, 2, 1, 0, 1, 0, 0, 0]
B07P5QCSLT	[3, 4, 11, 5, 1, 2, 1, 1, 0, 0]
B07T4NWCFN	[5, 3, 3, 5, 0, 1, 0, 0, 0, 0]
B07NQDZS5D	[13, 3, 11, 1, 1, 2, 2, 0, 0, 0]
B076QF6DDP	[0, 2, 5, 2, 1, 2, 0, 2, 2, 0]
B082VWZ372	[2, 3, 5, 7, 3, 4, 0, 0, 0, 2]
B09FPGG11K	[4, 0, 7, 9, 1, 2, 1, 0, 0, 0]
B08NPLD36L	[0, 0, 3, 1, 1, 1, 0, 0, 0, 0]
B07VJHKDYX	[3, 0, 5, 3, 1, 0, 1, 0, 0, 0]
B08YNXHNR7	[1, 0, 1, 1, 0, 1, 0, 0, 0, 0]
B08TQFF5PW	[1, 4, 4, 5, 1, 1, 0, 0, 0, 0]
B07FPKX8JH	[7, 2, 8, 3, 4, 5, 0, 1, 1, 1]
B075W74Z7V	[1, 0, 2, 1, 0, 0, 0, 0, 0, 0]
B09F3LV59S	[15, 4, 29, 14, 3, 5, 7, 2, 1, 0]
B087JFCHSL	[0, 0, 0, 0, 0, 0, 0, 0, 0, 0]
B08F38X1FT	[4, 2, 10, 23, 0, 3, 2, 4, 9, 1]
B083V617XT	[0, 0, 1, 4, 0, 2, 0, 1, 0, 0]
B07F8SJQ1C	[13, 9, 16, 8, 1, 6, 7, 4, 6, 1]
B089DL475B	[10, 2, 3, 7, 0, 0, 0, 0, 0, 0]
B07YLM92X4	[2, 11, 17, 6, 5, 4, 1, 2, 4, 1]
B08PNY2YP1	[3, 0, 5, 2, 1, 0, 1, 0, 0, 0]
B07978G5WP	[5, 0, 0, 0, 0, 0, 0, 0, 0, 0]
B0824VMYNB	[0, 1, 2, 5, 0, 1, 1, 0, 0, 0]
B07QLWW5B9	[11, 0, 6, 6, 0, 2, 1, 0, 0, 0]
B08NJRQZNF	[4, 4, 12, 3, 0, 5, 4, 1, 2, 2]
B07VGB4TWP	[28, 3, 41, 2, 1, 7, 3, 1, 3, 0]
B07W94PNWJ	[1, 4, 3, 0, 0, 3, 0, 0, 0, 0]
B09NDYXXJF	[1, 4, 4, 5, 1, 1, 0, 0, 0, 0]
B01JTQCD3W	[2, 0, 1, 0, 0, 0, 0, 0, 0, 0]
B094J2PBND	[0, 0, 0, 1, 0, 0, 0, 0, 0, 0]
B08Q4F563T	[3, 0, 5, 2, 1, 0, 1, 0, 0, 0]
B07VGGLML2	[4, 0, 14, 6, 0, 1, 4, 0, 0, 0]
B08PYYZQLV	[1, 0, 2, 5, 0, 0, 0, 0, 0, 0]
B07MSJVNYP	[0, 0, 0, 1, 0, 0, 0, 0, 0, 0]
B07B4S6P8C	[0, 0, 0, 2, 0, 0, 0, 0, 0, 0]
B0821Q4KLW	[1, 0, 2, 2, 0, 0, 0, 0, 0, 0]
B07CRMQCDB	[3, 6, 11, 3, 5, 6, 1, 2, 4, 1]
B085KSPZSN	[0, 0, 1, 0, 0, 0, 0, 0, 0, 0]
B07ZT5VDT8	[4, 0, 2, 1, 0, 0, 0, 1, 0, 0]
B08FJ85728	[9, 4, 15, 9, 0, 4, 2, 0, 0, 0]
B07KQ1WC96	[8, 2, 4, 6, 0, 3, 0, 0, 0, 0]
B07BVJDF6B	[0, 1, 1, 1, 0, 0, 0, 1, 0, 0]
B09RMT2S7F	[6, 0, 6, 3, 2, 0, 1, 0, 0, 0]
B081F7SNK8	[3, 0, 4, 2, 1, 0, 1, 0, 0, 0]
B07S9BQG6Z	[0, 0, 0, 0, 0, 0, 0, 0, 0, 0]
B07Q64SJGX	[21, 10, 26, 4, 0, 6, 1, 4, 3, 2]
B077PML4M8	[0, 0, 0, 0, 0, 0, 0, 0, 0, 0]
B08W57K4BX	[0, 0, 1, 4, 0, 2, 0, 1, 0, 0]
B0797KRYLB	[1, 0, 2, 1, 0, 0, 0, 0, 0, 0]
B07GNNXSYZ	[0, 0, 0, 31, 1, 0, 0, 0, 0, 0]
B07N3Y386Q	[6, 2, 4, 3, 0, 3, 0, 2, 1, 3]
B07CM3XNVX	[0, 0, 0, 0, 0, 0, 0, 0, 0, 0]
B08WXGP16H	[5, 2, 2, 3, 0, 1, 0, 0, 0, 0]
B08W21ZK3Y	[15, 2, 12, 1, 1, 2, 1, 0, 0, 0]
B07PGQ49HP	[0, 0, 3, 1, 0, 0, 0, 0, 0, 0]
B07XYBLMSN	[1, 5, 4, 4, 3, 4, 2, 1, 2, 0]
B06ZZ2NQW4	[3, 1, 7, 2, 0, 2, 0, 0, 1, 0]
B01MTY7Z5L	[10, 1, 5, 5, 0, 3, 1, 3, 0, 2]
B09RMQNSX7	[6, 0, 6, 3, 2, 0, 1, 0, 0, 0]
B09G2ZQ9TH	[13, 3, 10, 17, 0, 6, 2, 7, 2, 2]
B07Z3CDRJQ	[1, 0, 4, 1, 0, 0, 0, 0, 0, 0]
B092JRY4FL	[1, 0, 2, 1, 0, 0, 0, 0, 0, 0]
B06Y3TBYHJ	[1, 0, 2, 1, 0, 0, 0, 0, 0, 0]
B01NBWVWC3	[5, 1, 6, 4, 1, 0, 0, 0, 0, 0]
B07N8NNMWL	[9, 4, 8, 5, 0, 4, 1, 0, 2, 0]
B08Q7V7X7B	[3, 0, 5, 2, 1, 0, 1, 0, 0, 0]
B07X618R9L	[5, 0, 3, 6, 0, 1, 0, 0, 0, 0]
B08CKPSXKK	[7, 7, 14, 3, 1, 0, 4, 2, 1, 1]
B074YV4VJ3	[1, 0, 2, 1, 0, 0, 0, 0, 0, 0]
B07BNQZFS8	[0, 0, 0, 0, 0, 0, 0, 0, 0, 0]
B01EKJX3M8	[2, 0, 2, 1, 0, 0, 0, 0, 0, 0]
B078WTXRV3	[2, 0, 5, 2, 0, 1, 0, 0, 0, 0]
B07Y5CN9YS	[3, 0, 4, 2, 1, 0, 1, 0, 0, 0]
B08HVC2WDF	[5, 0, 5, 0, 0, 0, 0, 1, 0, 0]
B09MKF8HQ7	[9, 2, 7, 3, 2, 3, 0, 0, 0, 0]
B07PRZNJ5Q	[3, 0, 3, 4, 0, 0, 0, 0, 0, 0]
B08L6T7GPC	[9, 8, 23, 14, 0, 3, 0, 1, 0, 0]
B09SL15K4Z	[6, 0, 4, 3, 0, 2, 1, 0, 0, 0]
B07XDC73RH	[3, 0, 4, 2, 1, 0, 1, 0, 0, 0]
B077K659KM	[26, 6, 15, 1, 0, 2, 0, 0, 2, 0]
B08MVMPLRW	[3, 6, 11, 3, 1, 1, 1, 2, 2, 0]
B07PZJTG2H	[0, 0, 2, 2, 0, 0, 0, 0, 0, 0]
B09G2WVZW1	[5, 1, 7, 9, 0, 3, 0, 0, 0, 0]
B07P434W29	[2, 7, 5, 3, 0, 1, 2, 1, 2, 1]
B08BFVMFRS	[18, 2, 13, 3, 0, 5, 1, 1, 0, 0]
B07B8ZB8MV	[5, 0, 8, 1, 1, 0, 0, 0, 0, 0]
B08NX7P1JK	[0, 0, 0, 0, 0, 0, 0, 0, 0, 0]
B07PDRHJMB	[5, 0, 3, 3, 0, 2, 1, 0, 0, 0]
B08Q8MSKNG	[3, 0, 5, 2, 1, 0, 1, 0, 0, 0]
B09GKXPN2B	[1, 0, 1, 0, 0, 0, 0, 0, 0, 0]
B08JH2XWG5	[7, 1, 17, 2, 0, 2, 1, 2, 0, 1]
B08PYVF5GF	[3, 0, 5, 2, 1, 0, 1, 0, 0, 0]
B07VM4HGZ2	[5, 3, 10, 4, 1, 3, 1, 1, 1, 0]
B07D2JPHY7	[4, 10, 16, 13, 1, 2, 1, 1, 3, 2]
B0983C9TPC	[1, 5, 2, 5, 1, 2, 1, 0, 1, 0]
B083TMKWWH	[4, 3, 11, 4, 1, 3, 1, 1, 1, 0]
B01N0D97FZ	[0, 1, 0, 1, 0, 0, 0, 0, 0, 0]
B07ZTMX6Q8	[0, 0, 1, 2, 0, 0, 0, 0, 0, 0]
B0797ZRN69	[21, 5, 25, 1, 1, 4, 2, 3, 4, 3]
B07GCN94RD	[6, 2, 1, 12, 1, 3, 2, 0, 2, 1]
B07Q4PS3LB	[0, 0, 0, 0, 0, 0, 0, 0, 0, 0]
B08Z49K6W9	[1, 4, 5, 7, 0, 2, 1, 1, 1, 0]
B07NQJH7ZP	[1, 0, 0, 0, 0, 1, 0, 0, 0, 0]
B08D6YJHY3	[1, 0, 2, 1, 0, 0, 0, 0, 0, 0]
B07K2CNB5W	[0, 0, 0, 0, 0, 0, 0, 0, 0, 0]
B07BNT9YKJ	[2, 0, 1, 0, 0, 0, 0, 0, 0, 0]
B07KYJBCQX	[17, 3, 4, 9, 0, 3, 4, 1, 1, 0]
B07MW3FTBR	[0, 0, 0, 0, 0, 0, 0, 0, 0, 0]
B07N8WH5M9	[0, 0, 0, 2, 0, 0, 0, 0, 0, 0]
B08M9XTLVM	[1, 4, 4, 5, 1, 1, 0, 0, 0, 0]
B06XKZGP59	[2, 2, 4, 5, 0, 1, 1, 0, 0, 0]
B08R4144LX	[3, 0, 5, 2, 1, 0, 1, 0, 0, 0]
B07CYS7YGX	[0, 1, 5, 6, 0, 1, 0, 0, 0, 1]
B08PFWH4TS	[0, 0, 1, 4, 0, 2, 0, 1, 0, 0]
B07YYFSQCS	[0, 0, 1, 0, 0, 0, 0, 0, 0, 0]
B09DCZDRRS	[4, 0, 1, 5, 2, 1, 2, 0, 0, 0]
B08LL7N3M4	[2, 0, 0, 4, 0, 0, 0, 0, 0, 0]
B084MKWDNR	[2, 0, 2, 2, 0, 0, 0, 0, 0, 0]
B093QJHZMV	[4, 3, 7, 4, 1, 3, 1, 1, 1, 1]
B07P8SHSXR	[3, 0, 8, 1, 1, 2, 1, 0, 1, 0]
B08HGRF2Z9	[5, 3, 14, 1, 1, 2, 1, 1, 0, 0]
B0969SQWLS	[5, 3, 10, 4, 1, 3, 1, 1, 1, 0]
B0774QZW5S	[4, 14, 17, 5, 0, 7, 2, 3, 2, 1]
B08L3JYSVH	[9, 5, 2, 1, 0, 2, 1, 0, 1, 0]
B07YL1ZNGB	[10, 3, 15, 2, 1, 3, 1, 2, 2, 1]
B08C6L4PWW	[0, 0, 0, 0, 0, 0, 0, 0, 0, 0]
B089YQ47FY	[3, 0, 2, 0, 0, 0, 0, 0, 0, 0]
B0865KGSBM	[3, 2, 5, 3, 0, 1, 1, 1, 0, 1]
B07MQ7F4W1	[0, 0, 0, 2, 0, 0, 0, 0, 0, 0]
B08BFSV8BR	[18, 2, 13, 5, 0, 4, 1, 1, 0, 0]
B08Q4DVZNB	[3, 0, 5, 2, 1, 0, 1, 0, 0, 0]
B08XWBBB1X	[6, 4, 5, 5, 0, 1, 0, 0, 0, 1]
B075W764W4	[1, 0, 2, 1, 0, 0, 0, 0, 0, 0]
B082859G7H	[3, 0, 2, 3, 0, 0, 0, 0, 0, 0]
B08PZ966RG	[3, 0, 5, 2, 1, 0, 1, 0, 0, 0]
B07CYVVZ35	[13, 6, 10, 6, 2, 3, 1, 3, 2, 0]
B07QQRK352	[3, 0, 5, 1, 3, 2, 2, 0, 0, 1]
B098BDFWNK	[4, 6, 8, 4, 1, 3, 2, 5, 2, 2]
B07MQL4D5W	[2, 0, 1, 1, 0, 3, 0, 0, 0, 0]
B07QLY2N7P	[7, 3, 12, 0, 0, 3, 2, 5, 3, 2]
B08V58J54W	[0, 0, 0, 1, 0, 0, 0, 0, 0, 0]
B08XTVRWBM	[0, 3, 4, 3, 0, 3, 1, 1, 2, 0]
B07STM2KGL	[2, 2, 8, 18, 1, 1, 1, 1, 1, 0]
B075KY8LPR	[1, 0, 2, 1, 0, 0, 0, 0, 0, 0]
B08NJFYP46	[4, 0, 7, 2, 0, 0, 1, 0, 0, 0]
B07G4B6WL4	[0, 0, 0, 1, 0, 0, 0, 0, 0, 0]
B0874WLBV2	[3, 0, 4, 2, 1, 0, 1, 0, 0, 0]
B08DK4QJFQ	[1, 0, 1, 1, 0, 0, 0, 0, 0, 0]
B079T4TPV8	[17, 7, 11, 9, 0, 2, 3, 6, 1, 2]
B09HQQY8V4	[0, 2, 5, 0, 1, 0, 0, 0, 0, 0]
B08Q7ZV79K	[2, 0, 1, 2, 0, 3, 0, 0, 0, 0]
B081V4KBG6	[6, 0, 11, 1, 1, 0, 1, 0, 1, 0]
B07CRLHBDC	[3, 6, 13, 3, 5, 6, 1, 2, 4, 1]
B0855SV9DR	[4, 0, 1, 9, 1, 1, 0, 1, 0, 0]
B075V2PX4Z	[1, 0, 2, 1, 0, 0, 0, 0, 0, 0]
B072ML3N6K	[17, 3, 35, 11, 1, 2, 1, 4, 2, 2]
B089QJ8FGP	[1, 0, 3, 4, 0, 2, 0, 0, 0, 0]
B07B9V7L7G	[2, 0, 2, 0, 0, 0, 1, 0, 0, 0]
B0839KJD16	[0, 0, 1, 4, 0, 2, 0, 1, 0, 0]
B0813SVLX7	[16, 0, 11, 9, 0, 0, 0, 2, 0, 0]
B07ZD689XQ	[2, 0, 0, 4, 0, 0, 0, 0, 0, 0]
B088P2CH65	[2, 2, 2, 2, 0, 0, 0, 1, 1, 1]
B08YPCGQ9G	[3, 0, 4, 2, 1, 0, 1, 0, 0, 0]
B08729Z98N	[15, 8, 1, 1, 1, 2, 0, 0, 0, 0]
B09RKHGQ5Y	[7, 5, 1, 0, 0, 1, 0, 0, 0, 0]
B075L35YDY	[1, 0, 2, 1, 0, 0, 0, 0, 0, 0]
B0987S1K5W	[7, 3, 35, 1, 0, 2, 3, 0, 0, 1]
B06XWNGRRL	[4, 6, 3, 1, 1, 3, 3, 6, 2, 1]
B08CBP8972	[3, 0, 4, 2, 1, 0, 1, 0, 0, 0]
B084VM8YQ6	[0, 1, 1, 1, 0, 0, 0, 1, 0, 0]
B07B2YDVN2	[1, 0, 0, 1, 0, 0, 0, 0, 0, 0]
B08MF1WGWG	[7, 0, 2, 2, 0, 2, 2, 0, 0, 0]
B01BI9JO1W	[0, 0, 0, 0, 0, 0, 0, 0, 0, 0]
B073N8Q7RW	[6, 0, 3, 5, 0, 4, 4, 0, 0, 0]
B07PM4HNCP	[3, 3, 3, 6, 0, 0, 0, 0, 0, 2]
B082C3NZ24	[3, 0, 0, 11, 0, 0, 0, 0, 0, 0]
B07GVK9FQW	[2, 1, 6, 1, 0, 2, 0, 1, 0, 0]
B09N4461LQ	[13, 5, 15, 4, 2, 7, 3, 1, 2, 1]
B071ND6PPL	[1, 0, 2, 1, 0, 0, 0, 0, 0, 0]
B08BFVYN8Z	[18, 2, 13, 3, 0, 5, 1, 1, 0, 0]
B07KPHDJCM	[11, 0, 6, 10, 0, 5, 1, 2, 1, 0]
B09B3H159Q	[16, 11, 15, 5, 3, 12, 4, 3, 0, 4]
B09NQ26Q7R	[0, 0, 1, 3, 0, 1, 0, 1, 0, 0]
B08RZ395ZZ	[6, 5, 6, 3, 1, 4, 1, 1, 3, 3]
B06XRJN11K	[0, 0, 0, 0, 0, 0, 0, 0, 0, 0]
B07JN28CF7	[1, 0, 2, 1, 0, 0, 0, 0, 0, 0]
B073VQT9P4	[5, 3, 11, 3, 1, 3, 1, 1, 1, 0]
B07KC56TFC	[2, 0, 1, 2, 0, 0, 1, 0, 0, 0]
B07X91N1BQ	[5, 0, 7, 0, 0, 0, 0, 0, 0, 0]
B08PTRBJ63	[1, 0, 1, 1, 0, 1, 0, 0, 0, 0]
B08Q84WSNM	[3, 0, 5, 2, 1, 0, 1, 0, 0, 0]
B08844NPWL	[3, 0, 4, 2, 1, 0, 1, 0, 0, 0]
B08PZ5NS1N	[3, 0, 5, 2, 1, 0, 1, 0, 0, 0]
B073TSSNK4	[1, 0, 2, 1, 0, 0, 0, 0, 0, 0]
B083ZD894J	[0, 0, 1, 4, 0, 2, 0, 1, 0, 0]
B085H9LNRD	[13, 3, 11, 1, 1, 2, 1, 0, 0, 0]
B08Q4FJK36	[3, 0, 5, 2, 1, 0, 1, 0, 0, 0]
B08J3TF4QQ	[0, 1, 5, 3, 1, 2, 0, 0, 0, 0]
B084H7W93V	[5, 5, 14, 3, 1, 3, 0, 1, 1, 0]
B076DB9J6R	[0, 0, 2, 1, 0, 0, 0, 0, 0, 0]
B0719TQV6W	[0, 0, 0, 2, 1, 0, 0, 0, 0, 0]
B01N9A5MAD	[2, 1, 5, 3, 0, 1, 4, 1, 0, 0]
B088M1P63N	[12, 4, 19, 4, 0, 2, 2, 0, 0, 2]
B088RKQS9F	[15, 2, 12, 3, 0, 1, 0, 1, 0, 0]
B08QDKJMBQ	[3, 0, 5, 2, 1, 0, 1, 0, 0, 0]
B07ZTH1N4Z	[3, 0, 4, 2, 1, 0, 1, 0, 0, 0]
B07KXRPKBP	[5, 5, 3, 0, 0, 2, 0, 0, 0, 0]
B0822B9FX7	[4, 0, 4, 5, 0, 1, 0, 0, 0, 0]
B08PZ97T4K	[3, 0, 5, 2, 1, 0, 1, 0, 0, 0]
B07G5618FB	[4, 4, 13, 8, 0, 1, 1, 1, 0, 1]
B091B7NH2V	[3, 0, 2, 3, 0, 0, 0, 0, 0, 0]
B07VH9ZKMY	[7, 3, 6, 6, 0, 2, 1, 3, 1, 1]
B08Q4FVFF6	[3, 0, 5, 2, 1, 0, 1, 0, 0, 0]
B088TK115J	[5, 0, 3, 6, 0, 1, 0, 0, 0, 0]
B08372SQ36	[0, 0, 1, 4, 0, 2, 0, 1, 0, 0]
B07MCBH799	[1, 0, 1, 1, 0, 0, 1, 0, 0, 0]
B082BDX9J3	[1, 2, 0, 1, 0, 2, 0, 0, 0, 1]
B08R97D1FS	[4, 3, 10, 5, 1, 2, 1, 1, 1, 0]
B078W199Z3	[0, 0, 0, 0, 0, 0, 0, 0, 0, 0]
B07YY14FS7	[1, 0, 4, 1, 0, 0, 0, 0, 0, 0]
B07ZVSD3DH	[0, 0, 0, 0, 0, 0, 0, 0, 0, 0]
B07KX44VDY	[0, 1, 1, 0, 0, 0, 1, 0, 0, 0]
B0933LTRMD	[0, 0, 0, 0, 0, 0, 0, 0, 0, 0]
B08SQ8DVPW	[0, 1, 0, 1, 0, 0, 0, 0, 0, 0]
B07MCSZLK9	[29, 1, 45, 11, 2, 13, 5, 3, 4, 5]
B07P462R7T	[11, 4, 12, 6, 4, 9, 4, 2, 2, 0]
B07B381CB6	[0, 0, 0, 2, 0, 0, 0, 0, 0, 0]
B09DZ2LN3W	[4, 1, 4, 1, 0, 1, 0, 0, 1, 0]
B08PVTFGD9	[3, 0, 5, 2, 1, 0, 1, 0, 0, 0]
B079TNWP5Q	[5, 10, 8, 6, 0, 2, 0, 4, 0, 1]
B07M6X354R	[0, 0, 0, 0, 0, 0, 0, 0, 0, 0]
B07H2WMJVM	[0, 0, 0, 0, 0, 0, 0, 0, 0, 0]
B07CRDH2DG	[3, 6, 13, 3, 5, 6, 1, 2, 4, 1]
B07ZB3DZ7W	[0, 2, 5, 10, 0, 7, 2, 0, 1, 0]
B08S3WNGPC	[3, 0, 4, 2, 1, 0, 1, 0, 0, 0]
B086GGWS8M	[0, 1, 8, 10, 0, 0, 0, 0, 0, 0]
B08Q7XWBXM	[15, 8, 1, 1, 1, 2, 0, 0, 0, 0]
B06XYYRQ3R	[1, 0, 2, 1, 0, 0, 0, 0, 0, 0]
B081TL6LM9	[0, 0, 1, 0, 0, 1, 0, 1, 0, 0]
B07GD2L67K	[3, 0, 8, 2, 0, 0, 0, 0, 0, 0]
B01NBB0W8G	[3, 6, 14, 8, 1, 2, 2, 2, 2, 2]
B095P311XY	[0, 0, 0, 31, 1, 0, 0, 0, 0, 0]
B089ZVRH6R	[0, 0, 0, 0, 0, 0, 0, 0, 0, 0]
B09836ZYTS	[0, 0, 0, 0, 0, 0, 0, 0, 0, 0]
B07K4DXMW4	[2, 0, 1, 3, 0, 0, 0, 0, 0, 0]
B07B6BSPY4	[9, 0, 3, 0, 3, 1, 0, 0, 0, 0]
B08914KMDV	[2, 3, 8, 2, 1, 0, 0, 1, 1, 1]
B089VJHBFR	[9, 5, 10, 1, 2, 2, 0, 0, 0, 0]
B077PYSPDJ	[1, 0, 1, 0, 0, 0, 1, 0, 0, 0]
B08KTCH84D	[0, 0, 1, 7, 0, 0, 0, 0, 0, 0]
B08Q3GGNWP	[3, 0, 5, 2, 1, 0, 1, 0, 0, 0]
B08D6XJ6K1	[1, 0, 2, 1, 0, 0, 0, 0, 0, 0]
B08QNGBY7L	[3, 0, 5, 2, 1, 0, 1, 0, 0, 0]
B0863LJDG5	[7, 0, 3, 4, 0, 4, 0, 0, 0, 0]
B09GW2Q9RL	[0, 1, 2, 3, 0, 0, 0, 0, 0, 0]
B07Z9KCZSL	[7, 2, 8, 3, 4, 5, 0, 1, 1, 1]
B08PFGXJGH	[3, 0, 8, 2, 0, 0, 0, 0, 0, 0]
B01MS4801B	[6, 6, 14, 3, 2, 5, 2, 6, 3, 1]
B087D2V9QN	[4, 0, 2, 1, 0, 0, 0, 1, 0, 0]
B08K8T9W8H	[1, 0, 0, 2, 0, 0, 0, 0, 0, 0]
B08591WT9D	[5, 1, 6, 8, 1, 4, 0, 2, 0, 0]
B08PVV1CB1	[3, 0, 5, 2, 1, 0, 1, 0, 0, 0]
B08QZ9GSTF	[5, 3, 11, 4, 1, 3, 1, 1, 1, 0]
B09DS3XV4C	[8, 4, 17, 5, 1, 2, 2, 1, 0, 0]
B08J87W7FS	[1, 0, 0, 3, 0, 1, 0, 0, 0, 0]
B06ZXRYZMP	[3, 4, 12, 6, 2, 1, 0, 0, 1, 2]
B082LR31KS	[4, 1, 4, 1, 0, 1, 0, 0, 1, 0]
B07VFSD2CD	[0, 1, 6, 6, 0, 1, 0, 0, 0, 1]
B08LZDD4RH	[0, 0, 0, 31, 1, 0, 0, 0, 0, 0]
B081TZTGSG	[4, 5, 12, 12, 0, 1, 0, 1, 1, 1]
B076VCFNSH	[2, 0, 0, 1, 0, 0, 0, 0, 0, 0]
B08L9KDV3H	[3, 0, 2, 3, 0, 0, 0, 0, 0, 0]
B08253PMTS	[2, 2, 11, 3, 0, 0, 0, 3, 1, 0]
B07V4SH9CH	[4, 4, 13, 8, 0, 1, 1, 1, 0, 1]
B07V8GFF63	[2, 0, 5, 1, 0, 0, 0, 0, 0, 0]
B08HZ38PVW	[0, 1, 0, 3, 0, 0, 0, 0, 0, 0]
B07ZQ8JPYN	[0, 0, 3, 0, 0, 0, 0, 0, 0, 0]
B08L3SB3Q2	[2, 0, 0, 4, 0, 0, 0, 0, 0, 0]
B08PKYYGD7	[2, 3, 4, 6, 0, 1, 1, 0, 0, 0]
B085Q73KM8	[0, 0, 0, 0, 0, 0, 0, 0, 0, 0]
B08C6Z4C3R	[4, 0, 2, 0, 0, 1, 0, 0, 0, 0]
B07K6SS31D	[0, 0, 0, 0, 0, 0, 0, 0, 0, 0]
B087F6CLJG	[3, 0, 5, 1, 0, 2, 0, 0, 0, 0]
B09KTLZG67	[10, 0, 12, 4, 1, 2, 1, 0, 0, 0]
B0835YX5SM	[5, 3, 11, 3, 1, 3, 1, 1, 1, 0]
B0886GT387	[1, 0, 4, 0, 0, 0, 0, 0, 0, 0]
B096SZB57V	[1, 4, 4, 5, 1, 1, 0, 0, 0, 0]
B08K9393RD	[0, 0, 0, 3, 0, 0, 0, 0, 0, 0]
B07G11JJSF	[4, 2, 6, 6, 3, 0, 1, 0, 0, 0]
B08Q4H2282	[3, 0, 5, 2, 1, 0, 1, 0, 0, 0]
B08JVDJD5S	[0, 0, 0, 0, 0, 0, 0, 0, 0, 0]
B08QZQMBXZ	[0, 0, 1, 4, 0, 2, 0, 1, 0, 0]
B09JW6DKRT	[9, 3, 11, 6, 1, 5, 1, 1, 1, 0]
B01EIQX6Y8	[6, 1, 7, 3, 0, 2, 3, 0, 0, 0]
B07GVM4T7G	[3, 0, 5, 3, 0, 0, 0, 0, 0, 0]
B08KHK9YN9	[0, 0, 0, 3, 0, 0, 0, 0, 0, 0]
B07RRV8QT9	[35, 22, 52, 3, 0, 0, 4, 0, 0, 4]
B089QW54QX	[1, 4, 3, 0, 0, 3, 0, 0, 0, 0]
B07GT4K94F	[34, 4, 37, 6, 0, 3, 3, 1, 0, 0]
B084SZ2NMW	[5, 3, 11, 4, 1, 3, 1, 1, 1, 0]
B08D3Q11NT	[0, 3, 3, 4, 1, 3, 1, 1, 1, 0]
B089NZG396	[3, 0, 1, 9, 1, 1, 0, 1, 0, 0]
B07B3H9SVT	[0, 0, 0, 2, 0, 0, 0, 0, 0, 0]
B083XCWWCK	[5, 2, 10, 1, 0, 1, 0, 0, 0, 0]
B07CRLNCJT	[3, 6, 13, 3, 5, 6, 1, 2, 4, 1]
B07CRFY7R3	[3, 6, 13, 3, 5, 6, 1, 2, 4, 1]
B08P78Z6LJ	[0, 1, 2, 0, 0, 1, 0, 0, 0, 0]
B07QRV6DH5	[4, 14, 1, 2, 0, 1, 0, 1, 0, 0]
B07YSDYV73	[7, 6, 14, 2, 0, 2, 4, 3, 4, 1]
B08VRF2CZH	[3, 3, 2, 9, 1, 4, 1, 1, 1, 1]
B09GS1XYG5	[3, 0, 1, 9, 1, 1, 0, 1, 0, 0]
B07Y8K18C5	[3, 0, 6, 1, 0, 3, 0, 0, 0, 0]
B08K8XK59Z	[0, 0, 0, 3, 0, 0, 0, 0, 0, 0]
B09BZMNYVF	[5, 0, 3, 0, 0, 0, 0, 1, 0, 0]
B078S7B2FG	[16, 4, 22, 9, 2, 3, 3, 1, 0, 0]
B078XCX8NG	[18, 10, 37, 7, 2, 5, 4, 3, 2, 1]
B07QX8S2V9	[5, 0, 4, 0, 0, 0, 0, 0, 0, 0]
B07D81T21K	[0, 0, 0, 1, 0, 0, 0, 0, 0, 0]
B07Y66NF7R	[24, 11, 38, 4, 0, 10, 2, 7, 3, 4]
B08PZDBPDB	[3, 0, 5, 2, 1, 0, 1, 0, 0, 0]
B081VQ6KH8	[3, 0, 4, 2, 1, 0, 1, 0, 0, 0]
B07BBJFDCC	[23, 5, 22, 16, 0, 0, 0, 5, 1, 0]
B07QL95TNM	[0, 0, 0, 0, 0, 0, 0, 0, 0, 0]
B07NWB9HYY	[7, 2, 18, 5, 0, 0, 2, 0, 0, 0]
B08C78P7D5	[6, 0, 4, 3, 0, 0, 0, 1, 0, 1]
B08CX7F844	[4, 0, 5, 2, 0, 1, 0, 0, 0, 0]
B07FMWPJXX	[5, 0, 3, 3, 0, 0, 0, 1, 0, 0]
B07BZMRR2Q	[2, 3, 2, 3, 2, 2, 0, 2, 0, 0]
B08PZFTTCL	[3, 0, 5, 2, 1, 0, 1, 0, 0, 0]
B075L5Z85B	[7, 2, 8, 1, 0, 0, 3, 3, 1, 1]
B07NGK9Y34	[1, 0, 1, 1, 0, 0, 0, 0, 0, 0]
B08Q4HQ1JH	[3, 0, 5, 2, 1, 0, 1, 0, 0, 0]
B07GDN95JS	[0, 0, 0, 0, 0, 0, 0, 0, 0, 0]
B099DVQ43Y	[1, 2, 2, 1, 0, 0, 0, 0, 0, 0]
B08PVT7WRM	[3, 0, 5, 2, 1, 0, 1, 0, 0, 0]
B07QX3KD9N	[3, 0, 2, 3, 0, 0, 0, 0, 0, 0]
B09SB4ZK11	[9, 6, 15, 6, 1, 2, 2, 1, 1, 0]
B088YGX8WX	[0, 1, 0, 43, 0, 0, 0, 0, 0, 0]
B081K8WWCK	[3, 2, 8, 1, 0, 2, 0, 0, 0, 0]
B08KF65CRY	[8, 8, 23, 30, 5, 10, 4, 4, 3, 3]
B09QM73LSH	[6, 0, 6, 3, 2, 0, 1, 0, 0, 0]
B071NVKH7C	[1, 0, 3, 5, 0, 2, 0, 0, 0, 0]
B074TV61DK	[2, 0, 1, 1, 0, 0, 0, 0, 0, 0]
B08PZ7LCWQ	[3, 0, 5, 2, 1, 0, 1, 0, 0, 0]
B09BBNJYN3	[0, 0, 0, 0, 0, 0, 0, 0, 0, 0]
B07D2J67G1	[4, 10, 16, 13, 1, 2, 1, 1, 3, 2]
B07D92MTBP	[5, 7, 9, 2, 1, 5, 0, 1, 2, 1]
B08LDM8LSK	[2, 0, 0, 4, 0, 0, 0, 0, 0, 0]
B08BT9C1RR	[10, 0, 1, 1, 1, 1, 0, 1, 0, 0]
B07PDSLSBJ	[0, 0, 0, 0, 0, 0, 0, 0, 0, 0]
B081TJ1T3J	[2, 1, 3, 0, 0, 0, 0, 0, 0, 0]
B07C5P6MRD	[6, 3, 6, 3, 1, 2, 0, 0, 0, 0]
B08V8B63W9	[1, 5, 10, 2, 0, 1, 0, 1, 1, 1]
B08TMGNP8L	[3, 0, 4, 2, 1, 0, 1, 0, 0, 0]
B08PP9PWQN	[3, 0, 5, 2, 1, 0, 1, 0, 0, 0]
B01M5E92TH	[1, 0, 2, 1, 0, 0, 0, 0, 0, 0]
B08Q4CKT28	[3, 0, 5, 2, 1, 0, 1, 0, 0, 0]
B07FDLV2RQ	[0, 0, 0, 3, 0, 1, 0, 0, 0, 0]
B07285G1RK	[20, 4, 16, 7, 0, 6, 2, 0, 0, 1]
B08BFT3MPD	[18, 2, 13, 4, 0, 5, 1, 1, 0, 0]
B07PSP47PY	[2, 7, 7, 26, 0, 2, 1, 1, 1, 1]
B08CVKFW8M	[9, 9, 15, 10, 3, 7, 3, 5, 4, 2]
B07LCQ5JT7	[14, 3, 15, 5, 0, 0, 2, 0, 0, 1]
B09DL5QTN4	[3, 1, 2, 2, 0, 1, 0, 0, 1, 0]
B07FW7PP5Z	[0, 1, 1, 1, 0, 0, 0, 0, 1, 0]
B08BG6JQPD	[0, 0, 1, 4, 0, 2, 0, 1, 0, 0]
B07ZB1LSCZ	[0, 0, 2, 0, 0, 0, 0, 0, 0, 0]
B087N479GJ	[3, 1, 7, 6, 0, 0, 0, 0, 0, 0]
B07RT759Z9	[1, 0, 2, 1, 0, 0, 0, 0, 0, 0]
B07SJCLF98	[5, 0, 3, 6, 0, 1, 0, 0, 0, 0]
B08FFQK31D	[4, 2, 9, 20, 0, 3, 2, 4, 9, 1]
B0757H679T	[1, 0, 2, 1, 0, 0, 0, 0, 0, 0]
B0921P2WP9	[1, 3, 2, 0, 0, 1, 0, 1, 1, 0]
B08Z78YVRY	[0, 0, 0, 0, 0, 0, 0, 0, 0, 0]
B07RFKNNTS	[6, 6, 5, 4, 0, 0, 0, 0, 0, 1]
B077KHD3T9	[0, 0, 1, 1, 0, 0, 0, 0, 0, 0]
B08KGV26MJ	[1, 4, 4, 5, 1, 1, 0, 0, 0, 0]
B07CW6FT6C	[0, 0, 0, 0, 0, 0, 0, 0, 0, 0]
B07LGLHCF4	[0, 0, 0, 0, 0, 0, 0, 0, 0, 0]
B089WGYHKV	[2, 0, 1, 5, 0, 2, 0, 0, 0, 0]
B09QCR1528	[0, 0, 0, 0, 0, 0, 0, 0, 0, 0]
B08PZ65RJG	[3, 0, 5, 2, 1, 0, 1, 0, 0, 0]
B07RRYC69Z	[6, 0, 7, 6, 0, 0, 0, 1, 0, 0]
B08D6ZJPTB	[1, 0, 2, 1, 0, 0, 0, 0, 0, 0]
B08P54C4ML	[17, 10, 36, 8, 1, 7, 1, 3, 1, 0]
B0863ZZKDZ	[5, 10, 2, 1, 0, 0, 1, 2, 0, 0]
B09KNT1MTF	[19, 0, 59, 4, 2, 2, 1, 0, 1, 0]
B08D6YP7W6	[1, 0, 2, 1, 0, 0, 0, 0, 0, 0]
B075977QQY	[1, 0, 2, 1, 0, 0, 0, 0, 0, 0]
B089N8DKCB	[3, 0, 1, 9, 1, 1, 0, 1, 0, 0]
B075YRHSWS	[0, 0, 4, 1, 0, 0, 0, 0, 0, 0]
B07XCH21ZV	[1, 0, 0, 0, 0, 0, 0, 0, 0, 0]
B09MKDJSFY	[3, 0, 1, 9, 1, 1, 0, 1, 0, 0]
B08JV9RT7H	[4, 0, 4, 1, 0, 0, 0, 0, 0, 0]
B08D6YFY65	[1, 0, 2, 1, 0, 0, 0, 0, 0, 0]
B075J914W2	[3, 0, 5, 2, 0, 1, 0, 0, 0, 0]
B07T7GP6HH	[5, 0, 3, 6, 0, 1, 0, 0, 0, 0]
B07SC4468B	[1, 0, 2, 4, 0, 0, 0, 0, 0, 0]
B08W757FHK	[0, 0, 1, 4, 0, 2, 0, 1, 0, 0]
B07P5XW8DL	[1, 2, 3, 3, 0, 0, 1, 0, 1, 0]
B087TG6HX7	[3, 0, 2, 0, 0, 0, 0, 0, 0, 0]
B07PLZB3CS	[1, 1, 4, 7, 0, 1, 0, 0, 0, 1]
B07CYTJP6N	[0, 1, 6, 6, 0, 1, 0, 0, 0, 1]
B08BPLN6TL	[2, 2, 2, 2, 0, 0, 0, 1, 1, 1]
B07FSFD58B	[11, 2, 5, 11, 1, 0, 0, 0, 0, 0]
B08LF2WBY5	[0, 0, 0, 3, 0, 0, 0, 0, 0, 0]
B07QNVFX3R	[3, 0, 2, 3, 0, 0, 0, 0, 0, 0]
B08TC5W4ZP	[6, 3, 9, 5, 1, 3, 1, 1, 0, 0]
B07NQKMY2D	[0, 0, 0, 0, 0, 0, 0, 0, 0, 0]
B084SZ2TLY	[0, 1, 5, 6, 0, 1, 0, 0, 0, 1]
B08F2W4239	[1, 0, 0, 5, 0, 1, 0, 0, 0, 0]
B076SYBVKR	[4, 6, 8, 7, 0, 0, 1, 0, 0, 0]
B085LFDBBZ	[7, 1, 3, 7, 0, 1, 1, 0, 0, 0]
B07DD58XX5	[4, 1, 5, 6, 0, 1, 1, 0, 0, 1]
B07TCRVRLF	[1, 14, 10, 7, 0, 5, 4, 3, 1, 2]
B0793S5N4W	[7, 1, 19, 4, 2, 5, 1, 0, 1, 0]
B08D6YJZLL	[1, 0, 2, 1, 0, 0, 0, 0, 0, 0]
B07DLJVXRY	[0, 0, 0, 0, 0, 0, 0, 0, 0, 0]
B081S41SZD	[3, 0, 4, 2, 1, 0, 1, 0, 0, 0]
B07FS63SZF	[0, 0, 2, 6, 0, 4, 0, 0, 0, 0]
B07ZKDJHJ1	[10, 6, 8, 10, 2, 8, 3, 4, 1, 1]
B089VZ85VG	[0, 0, 0, 4, 0, 0, 0, 0, 0, 0]
B07Y895L69	[0, 0, 0, 7, 0, 0, 0, 0, 0, 0]
B07K7G84C8	[2, 0, 0, 3, 0, 0, 0, 0, 0, 0]
B07NJFRVCK	[1, 0, 0, 0, 0, 0, 0, 0, 0, 0]
B08SHCNN3S	[7, 4, 11, 6, 2, 5, 1, 2, 3, 0]
B098NJR2J9	[4, 1, 6, 3, 0, 1, 2, 0, 0, 0]
B07PKRBYG5	[0, 0, 1, 2, 0, 0, 0, 0, 0, 0]
B07GVVC32B	[10, 3, 21, 20, 1, 2, 3, 1, 0, 1]
B07PKR5FX6	[0, 0, 1, 0, 0, 0, 0, 0, 0, 0]
B08YD8461R	[4, 21, 13, 0, 0, 0, 0, 0, 0, 0]
B07NVQPF5V	[10, 0, 13, 0, 1, 1, 1, 0, 0, 0]
B07M8R6ZWD	[4, 0, 4, 5, 0, 2, 0, 0, 0, 0]
B08C6N8PY4	[0, 2, 0, 0, 0, 0, 0, 0, 0, 0]
B01HFZI9AK	[10, 0, 5, 4, 0, 1, 1, 0, 0, 0]
B08597ZF1V	[5, 10, 8, 6, 0, 2, 0, 4, 0, 1]
B08CTZP97H	[5, 3, 14, 4, 1, 3, 1, 1, 1, 0]
B09JL3VPQ2	[3, 0, 4, 0, 1, 2, 0, 1, 0, 0]
B01MY1A0MS	[13, 3, 19, 11, 1, 1, 0, 1, 1, 3]
B09T96DBFZ	[7, 2, 2, 0, 0, 0, 0, 0, 0, 0]
B09GKSZ5LB	[0, 0, 0, 0, 0, 0, 0, 0, 0, 0]
B08BPGN85H	[3, 0, 1, 9, 1, 1, 0, 1, 0, 0]
B074JK7M39	[1, 3, 5, 6, 1, 2, 1, 0, 2, 1]
B07VM9QNXX	[7, 6, 8, 8, 1, 2, 1, 3, 1, 1]
B07NY2FQRN	[6, 3, 10, 4, 1, 3, 1, 1, 0, 0]
B081NB5MM4	[3, 0, 5, 2, 1, 0, 1, 0, 0, 0]
B08Q4M5PYN	[3, 0, 5, 2, 1, 0, 1, 0, 0, 0]
B072R2G3RL	[7, 3, 5, 4, 0, 0, 0, 0, 0, 0]
B0831H2VPB	[0, 0, 1, 4, 0, 2, 0, 1, 0, 0]
B0969Q7S2B	[5, 3, 10, 5, 1, 3, 1, 1, 1, 0]
B08NX945ZD	[1, 0, 2, 8, 0, 1, 1, 0, 0, 0]
B07C7WTDY8	[9, 2, 23, 9, 0, 4, 1, 2, 2, 0]
B07FYPQ9M4	[2, 1, 4, 0, 0, 0, 0, 0, 0, 0]
B07MJKLFYL	[14, 2, 20, 11, 0, 8, 6, 0, 0, 0]
B08MDX2HDR	[6, 3, 9, 4, 1, 3, 1, 1, 0, 0]
B091CFHFYN	[1, 0, 1, 3, 0, 1, 0, 0, 0, 0]
B07N81VFVT	[0, 3, 5, 3, 0, 3, 1, 1, 2, 0]
B0839MBNP4	[0, 0, 0, 0, 0, 0, 0, 0, 0, 0]
B08PVT39CB	[3, 0, 5, 2, 1, 0, 1, 0, 0, 0]
B08HMMHVQN	[7, 0, 6, 1, 0, 0, 0, 1, 0, 1]
B07VRTNJC6	[9, 6, 8, 6, 2, 6, 2, 0, 2, 1]
B07Y56395C	[11, 2, 7, 11, 1, 0, 0, 0, 0, 0]
B09P71WV1S	[5, 3, 15, 6, 1, 3, 1, 1, 0, 0]
B07BWHBDKK	[1, 2, 3, 3, 0, 2, 0, 0, 0, 0]
B07HCCPRKR	[0, 0, 2, 0, 0, 0, 0, 0, 0, 0]
B09BD4L2K3	[5, 4, 4, 2, 0, 1, 0, 0, 0, 0]
B07WX7DNR1	[9, 1, 10, 3, 0, 0, 1, 0, 0, 1]
B0786NLDBF	[8, 2, 10, 0, 0, 2, 1, 0, 1, 0]
B081NC7LMJ	[3, 0, 4, 2, 1, 0, 1, 0, 0, 0]
B098SSYPSL	[12, 0, 18, 7, 1, 2, 4, 0, 0, 0]
B09T3H779T	[6, 0, 5, 0, 0, 0, 0, 1, 0, 0]
B083TT2FLL	[2, 2, 5, 3, 0, 4, 1, 2, 0, 1]
B085R71CWV	[5, 1, 6, 2, 0, 0, 2, 0, 0, 0]
B086BX52YZ	[0, 0, 3, 0, 0, 0, 0, 0, 0, 0]
B09QQTV8MV	[8, 1, 18, 5, 1, 3, 0, 0, 0, 0]
B07H25BSCN	[92, 17, 135, 10, 4, 22, 5, 3, 1, 1]
B098DWN5B6	[0, 0, 1, 19, 0, 0, 0, 0, 0, 0]
B08QLXP55P	[3, 0, 5, 2, 1, 0, 1, 0, 0, 0]
B095S633Q8	[0, 0, 4, 1, 0, 0, 0, 0, 0, 0]
B08Q4DVTKZ	[3, 0, 5, 2, 1, 0, 1, 0, 0, 0]
B0982TDSF5	[6, 3, 13, 3, 1, 3, 1, 1, 1, 0]
B0844YYPL9	[2, 1, 1, 4, 0, 0, 0, 0, 0, 0]
B087N89Q8T	[0, 0, 0, 31, 1, 0, 0, 0, 0, 0]
B07PRL4VGH	[1, 0, 2, 2, 0, 0, 0, 0, 0, 0]
B07J4QKWFQ	[6, 0, 12, 9, 1, 2, 1, 0, 0, 0]
B071DQ4FJY	[0, 0, 0, 0, 0, 0, 0, 0, 0, 0]
B07VWB6S2Q	[5, 3, 10, 3, 1, 3, 1, 1, 1, 0]
B086GTC4PS	[7, 4, 16, 5, 0, 3, 2, 1, 3, 0]
B09FTFJ3VF	[0, 0, 0, 31, 1, 0, 0, 0, 0, 0]
B07ZCQPFN6	[5, 5, 3, 0, 0, 2, 0, 0, 0, 0]
B07WZSB4W3	[14, 3, 35, 20, 0, 4, 2, 0, 1, 0]
B09FL9S8Y1	[0, 0, 0, 0, 0, 0, 0, 0, 0, 0]
B075MS2CSJ	[2, 0, 4, 0, 0, 0, 2, 0, 0, 0]
B083H9JTJY	[3, 1, 3, 4, 0, 0, 0, 0, 0, 0]
B09FK9CPCV	[7, 3, 10, 5, 1, 4, 0, 1, 1, 0]
B08PPPDBGN	[3, 0, 5, 2, 1, 0, 1, 0, 0, 0]
B07KB4HPRB	[0, 0, 0, 1, 0, 0, 0, 0, 0, 0]
B079LTP355	[0, 0, 2, 0, 0, 0, 0, 0, 0, 0]
B08Q4HQ1TC	[3, 0, 5, 2, 1, 0, 1, 0, 0, 0]
B086C9QWYN	[5, 4, 4, 5, 1, 3, 2, 1, 2, 1]
B07DQHXY26	[5, 2, 5, 6, 0, 1, 0, 0, 0, 0]
B09SYWMXQL	[6, 0, 6, 3, 2, 0, 1, 0, 0, 0]
B097HY5TV9	[0, 1, 0, 4, 0, 0, 0, 0, 1, 1]
B08CNFPNMT	[5, 3, 3, 4, 1, 3, 1, 1, 1, 0]
B09QQ5XHMY	[7, 0, 4, 1, 0, 0, 1, 1, 0, 0]
B07FKSCNDR	[0, 0, 0, 0, 0, 0, 0, 0, 0, 0]
B0713Z5TJG	[7, 2, 9, 2, 0, 4, 3, 2, 2, 1]
B09BRFN1G1	[1, 1, 0, 2, 0, 0, 0, 0, 0, 0]
B07CRFXHVM	[3, 6, 13, 3, 5, 6, 1, 2, 4, 1]
B08PNHGJC9	[3, 0, 5, 2, 1, 0, 1, 0, 0, 0]
B07JMV1BFD	[1, 0, 2, 1, 0, 0, 0, 0, 0, 0]
B0848L2T45	[7, 2, 18, 5, 0, 0, 2, 0, 0, 0]
B0837VXSWR	[11, 3, 27, 6, 1, 6, 4, 4, 1, 2]
B0765541GC	[1, 0, 1, 0, 0, 0, 0, 0, 0, 0]
B08XXTDCHW	[5, 3, 11, 4, 1, 3, 1, 1, 0, 0]
B01MQ2NPA2	[0, 0, 0, 0, 0, 0, 0, 0, 0, 0]
B092P1H2KB	[1, 4, 4, 5, 1, 1, 0, 0, 0, 0]
B08D6YV27J	[1, 0, 2, 1, 0, 0, 0, 0, 0, 0]
B07RZ5SXRT	[3, 0, 4, 2, 1, 0, 1, 0, 0, 0]
B071DGGH17	[1, 0, 2, 1, 0, 0, 0, 0, 0, 0]
B09MZ8J4DK	[3, 0, 1, 9, 1, 1, 0, 1, 0, 0]
B095XZR9F4	[7, 5, 7, 6, 1, 1, 1, 1, 0, 0]
B088HH2RSM	[3, 4, 11, 3, 0, 1, 1, 1, 1, 0]
B081T2N8X7	[0, 1, 1, 1, 0, 0, 0, 1, 0, 0]
B07L97M4ZJ	[0, 0, 0, 2, 0, 1, 0, 0, 0, 0]
B08PZ9N64D	[3, 0, 5, 2, 1, 0, 1, 0, 0, 0]
B086K45SXF	[0, 7, 8, 4, 2, 0, 1, 1, 0, 0]
B07CBNNYLG	[4, 0, 6, 4, 0, 0, 0, 0, 0, 0]
B07N82RQD1	[0, 0, 0, 6, 0, 0, 0, 0, 0, 0]
B088VDLWRB	[0, 0, 0, 4, 0, 0, 0, 0, 0, 0]
B0777SNMT9	[7, 2, 8, 3, 4, 5, 0, 1, 1, 1]
B08XZ7MHSQ	[4, 4, 13, 8, 0, 1, 1, 1, 0, 1]
B07BGBNZZ7	[0, 0, 0, 4, 0, 0, 0, 0, 0, 0]
B071CZ9VRL	[4, 0, 4, 0, 0, 0, 0, 0, 0, 0]
B07VG9CNDC	[8, 0, 6, 2, 0, 0, 0, 0, 0, 0]
B07CRJ2NR8	[3, 5, 13, 3, 5, 6, 1, 2, 4, 1]
B08Q4HNF8F	[3, 0, 5, 2, 1, 0, 1, 0, 0, 0]
B08FCKD62D	[8, 0, 10, 4, 0, 2, 1, 0, 0, 0]
B08BLC4GJ7	[0, 0, 0, 0, 0, 0, 0, 0, 0, 0]
B088TVQG4T	[3, 1, 5, 5, 0, 4, 0, 0, 1, 0]
B08GKV9DG6	[3, 0, 8, 2, 0, 0, 0, 0, 0, 0]
B07L95MWFF	[2, 4, 9, 4, 1, 1, 1, 1, 1, 0]
B085VL8N2B	[2, 2, 4, 3, 0, 1, 0, 2, 0, 1]
B08BQ95HN2	[3, 0, 1, 9, 1, 1, 0, 1, 0, 0]
B088WPXJFQ	[3, 0, 1, 7, 1, 1, 0, 1, 0, 0]
B082V5Y1TV	[0, 1, 5, 6, 0, 1, 0, 0, 0, 1]
B01LZJ8S4R	[13, 15, 13, 8, 1, 3, 2, 1, 1, 1]
B08GN35BSY	[3, 0, 4, 2, 1, 0, 1, 0, 0, 0]
B07PJR3PL7	[1, 0, 1, 0, 0, 0, 0, 0, 0, 0]
B07PB4R92L	[1, 0, 4, 5, 0, 0, 0, 0, 0, 0]
B08FT9QYYY	[13, 3, 15, 5, 4, 6, 1, 0, 1, 1]
B09GVGC1J3	[5, 1, 7, 9, 0, 3, 0, 0, 0, 0]
B08PVVL5Q2	[3, 0, 5, 2, 1, 0, 1, 0, 0, 0]
B075DXQFHN	[1, 0, 2, 1, 0, 0, 0, 0, 0, 0]
B09NQ1DZ4V	[1, 0, 0, 3, 0, 0, 0, 0, 0, 0]
B07H3XGQ5Z	[0, 1, 0, 0, 0, 0, 0, 0, 0, 0]
B07THRNCCC	[5, 0, 3, 6, 0, 1, 0, 0, 0, 0]
B07G6ZJYTD	[8, 0, 3, 3, 1, 2, 1, 0, 0, 0]
B08KBRVDRC	[0, 0, 0, 3, 0, 0, 0, 0, 0, 0]
B08YYRG8WG	[0, 0, 0, 31, 1, 0, 0, 0, 0, 0]
B074JFG2B2	[1, 3, 5, 6, 1, 3, 1, 0, 2, 1]
B09732M4G5	[1, 0, 2, 1, 0, 0, 0, 0, 0, 0]
B08BRQ35WK	[3, 0, 2, 0, 0, 0, 0, 0, 0, 0]
B08Q4J3LBV	[3, 0, 5, 2, 1, 0, 1, 0, 0, 0]
B07BNJTVL4	[0, 0, 1, 1, 0, 0, 0, 0, 0, 0]
B07449W67H	[5, 0, 3, 3, 1, 2, 2, 0, 0, 0]
B06ZY9KFFK	[2, 0, 2, 0, 0, 0, 1, 0, 0, 0]
B07VB2JLRT	[5, 0, 3, 6, 0, 1, 0, 0, 0, 0]
B096S1DBG7	[1, 0, 8, 7, 0, 0, 1, 0, 0, 0]
B01NBOTEBW	[6, 2, 13, 5, 0, 3, 1, 0, 0, 0]
B08PZGBCTJ	[3, 0, 5, 2, 1, 0, 1, 0, 0, 0]
B082V1CJTC	[0, 1, 6, 6, 0, 1, 0, 0, 0, 1]
B07TTV62J6	[3, 10, 5, 6, 0, 2, 2, 4, 3, 1]
B08VWBFH6N	[0, 1, 0, 0, 0, 0, 0, 0, 0, 0]
B08FJ9YVPR	[7, 4, 3, 5, 0, 3, 1, 3, 5, 0]
B081CSHTJ2	[1, 4, 3, 0, 0, 3, 0, 0, 0, 0]
B0911BVTJ4	[0, 1, 0, 0, 0, 2, 0, 1, 1, 1]
B07PSP2DRJ	[0, 0, 0, 1, 0, 0, 0, 0, 0, 0]
B07XBSD9ZD	[0, 0, 0, 0, 0, 0, 0, 0, 0, 0]
B09J57JL3P	[0, 6, 8, 8, 1, 2, 3, 4, 2, 1]
B083QPCJN8	[1, 4, 3, 0, 0, 3, 0, 0, 0, 0]
B088KMZDFF	[0, 0, 1, 4, 0, 1, 0, 1, 0, 0]
B07NL78H5Y	[5, 5, 26, 19, 1, 3, 2, 5, 2, 3]
B07QVKRW9G	[0, 1, 0, 0, 0, 0, 0, 0, 0, 0]
B01N0EF67B	[8, 5, 11, 6, 0, 4, 0, 1, 1, 1]
B07TKNKLNL	[7, 4, 34, 21, 2, 2, 1, 4, 2, 3]
B07FDDSX3Y	[0, 0, 2, 0, 0, 0, 0, 0, 0, 0]
B07RXLNQFC	[3, 0, 4, 2, 1, 0, 1, 0, 0, 0]
B06Y3PSHQ3	[0, 0, 0, 0, 0, 0, 0, 0, 0, 0]
B08L3FDRK9	[10, 5, 15, 7, 3, 6, 5, 2, 2, 1]
B08THMNF3Z	[5, 4, 8, 4, 2, 3, 0, 0, 2, 0]
B08PKW11FT	[0, 3, 10, 0, 0, 5, 0, 0, 0, 0]
B07HYFJD6J	[0, 0, 0, 4, 0, 0, 0, 0, 0, 0]
B099JK44XH	[18, 53, 33, 25, 1, 5, 10, 5, 4, 1]
B07PGHZM41	[1, 0, 0, 3, 0, 0, 0, 0, 0, 0]
B093GDYZVN	[2, 3, 14, 3, 0, 1, 1, 0, 2, 0]
B07RVHZLVL	[1, 5, 4, 23, 1, 0, 1, 0, 0, 0]
B07KYSWBCW	[0, 0, 0, 4, 0, 0, 0, 0, 0, 0]
B081L76WL5	[3, 0, 4, 2, 1, 0, 1, 0, 0, 0]
B07ZTT8L22	[3, 2, 0, 8, 1, 3, 1, 1, 1, 2]
B07HYRPQ7Y	[9, 8, 21, 3, 0, 1, 1, 1, 1, 0]
B081HB1GK2	[3, 0, 5, 2, 1, 0, 1, 0, 0, 0]
B08BF1X6W2	[2, 0, 9, 10, 1, 0, 3, 0, 0, 0]
B08PVN8YNT	[3, 0, 5, 2, 1, 0, 1, 0, 0, 0]
B094WFXS2B	[3, 0, 4, 0, 1, 2, 0, 1, 0, 0]
B09LYG3GLZ	[1, 1, 9, 14, 1, 2, 2, 2, 0, 0]
B07642M52J	[4, 0, 3, 6, 0, 2, 1, 0, 0, 0]
B07NK766W7	[1, 0, 2, 1, 0, 0, 1, 0, 0, 0]
B07NDJJWTY2	[7, 0, 6, 6, 1, 1, 1, 0, 0, 0]
B07DX4VYK4	[0, 0, 0, 3, 0, 1, 0, 0, 0, 0]
B08DMKHN1K	[5, 1, 4, 1, 1, 3, 0, 0, 0, 0]
B078JZM5QR	[1, 0, 4, 1, 0, 0, 1, 0, 0, 1]
B07CJTGG8S	[1, 0, 1, 8, 1, 1, 0, 0, 0, 0]
B08LVM1R6L	[12, 4, 11, 2, 0, 1, 0, 1, 1, 0]
B09S15GZ8L	[2, 4, 5, 5, 0, 1, 0, 0, 0, 1]
B07QPVD1F2	[3, 0, 2, 3, 0, 0, 0, 0, 0, 0]
B081Z8LY77	[2, 7, 15, 31, 2, 1, 2, 1, 8, 5]
B08PVVVHLN	[3, 0, 5, 2, 1, 0, 1, 0, 0, 0]
B07L66BFF9	[1, 0, 0, 0, 0, 0, 0, 0, 0, 0]
B085WRF96P	[5, 3, 11, 4, 1, 3, 1, 1, 1, 0]
B07CRDHG2X	[3, 6, 12, 3, 5, 6, 1, 2, 4, 1]
B08DN46X8T	[17, 8, 14, 10, 0, 2, 3, 3, 2, 1]
B09738VF9P	[0, 0, 0, 0, 0, 0, 0, 0, 0, 0]
B07CR5DS15	[7, 0, 4, 2, 1, 0, 3, 1, 0, 0]
B08PVSVTVF	[3, 0, 5, 2, 1, 0, 1, 0, 0, 0]
B09H386997	[0, 0, 1, 8, 0, 0, 0, 0, 0, 0]
B07KMD6178	[1, 0, 0, 0, 0, 0, 0, 0, 0, 0]
B0841HVH5L	[0, 0, 2, 0, 0, 0, 0, 0, 0, 0]
B07VM98875	[1, 0, 0, 1, 0, 0, 0, 0, 0, 0]
B09889J8N6	[0, 0, 0, 31, 1, 0, 0, 0, 0, 0]
B07Z9JR548	[4, 3, 3, 0, 0, 1, 0, 0, 1, 0]
B08PVWQM2B	[3, 0, 5, 2, 1, 0, 1, 0, 0, 0]
B079RKTJWP	[10, 8, 14, 7, 0, 6, 0, 4, 0, 0]
B07CNWG478	[8, 2, 9, 2, 0, 3, 0, 0, 0, 0]
B09GW7XPBH	[3, 0, 1, 7, 1, 1, 0, 1, 0, 0]
B09HK3J6RC	[6, 0, 6, 3, 2, 0, 1, 0, 0, 0]
B089H213H9	[10, 0, 5, 6, 0, 1, 1, 0, 0, 0]
B07N12FDXM	[1, 0, 1, 0, 0, 0, 1, 0, 0, 0]
B08Q7QFGP1	[3, 0, 5, 2, 1, 0, 1, 0, 0, 0]
B0862B9TV6	[11, 0, 20, 1, 4, 5, 0, 0, 0, 0]
B07D7WN9WZ	[3, 0, 6, 3, 0, 0, 0, 0, 0, 0]
B07KB7VJ5L	[3, 3, 13, 2, 0, 2, 0, 0, 0, 0]
B088SJ74P8	[0, 0, 1, 7, 0, 2, 0, 0, 0, 0]
B07H2LCFBP	[5, 1, 6, 5, 0, 2, 0, 0, 0, 0]
B08QSHY8TM	[1, 4, 4, 5, 1, 1, 0, 0, 0, 0]
B08RJSWDVP	[8, 5, 0, 0, 0, 2, 0, 0, 0, 0]
B08D9RH57C	[0, 0, 1, 6, 0, 1, 0, 1, 0, 0]
B07D3BZLNS	[1, 0, 1, 2, 0, 0, 0, 0, 0, 0]
B08BQ4K2DV	[2, 2, 2, 2, 0, 0, 0, 1, 1, 1]
B07JZB36VM	[0, 0, 0, 3, 0, 0, 0, 0, 0, 0]
B094QRTQPX	[1, 0, 0, 2, 0, 0, 0, 0, 0, 0]
B08MFP1N6N	[0, 0, 0, 0, 0, 0, 0, 0, 0, 0]
B08Q8HW3PZ	[3, 0, 5, 2, 1, 0, 1, 0, 0, 0]
B08WJH6QLL	[4, 4, 12, 3, 0, 5, 4, 1, 2, 2]
B0842V4W9W	[6, 0, 8, 4, 1, 2, 1, 1, 0, 0]
B0813317GP	[3, 0, 5, 5, 0, 1, 0, 0, 0, 1]
B08NMRGZV9	[20, 6, 22, 8, 0, 3, 2, 10, 1, 1]
B071J7L6G1	[5, 6, 11, 5, 0, 1, 3, 3, 1, 2]
B07FMGYBMF	[5, 0, 6, 3, 1, 0, 0, 0, 0, 0]
B08WJ47VS9	[5, 1, 7, 9, 0, 3, 0, 0, 0, 0]
B08F2VWK9V	[1, 0, 0, 3, 0, 1, 0, 0, 0, 0]
B07TS1SQBD	[3, 2, 2, 4, 1, 0, 1, 1, 2, 0]
B086YBD1ZR	[5, 3, 11, 4, 1, 3, 1, 1, 1, 0]
B076PBX4LL	[1, 2, 10, 9, 0, 0, 0, 1, 0, 2]
B07NP39Z72	[3, 0, 2, 3, 0, 0, 0, 0, 0, 0]
B0722MF852	[1, 0, 2, 1, 0, 0, 0, 0, 0, 0]
B07KZX8L37	[0, 0, 0, 2, 0, 0, 0, 0, 0, 0]
B097SV4MPR	[3, 5, 11, 4, 1, 2, 2, 0, 1, 0]
B075Q8G7VT	[1, 0, 2, 1, 0, 0, 0, 0, 0, 0]
B08T1HHJQB	[0, 0, 0, 31, 1, 0, 0, 0, 0, 0]
B07DDN46GR	[0, 1, 7, 4, 0, 1, 0, 0, 1, 0]
B09KYBZQML	[1, 2, 2, 1, 1, 1, 0, 0, 1, 0]
B07PB33NR9	[0, 1, 0, 43, 0, 0, 0, 0, 0, 0]
B09JCC6RD1	[8, 3, 19, 7, 0, 2, 0, 0, 1, 0]
B07R7W2LH5	[0, 0, 0, 0, 0, 0, 0, 0, 0, 0]
B08S7R4LKQ	[0, 0, 0, 39, 0, 0, 0, 0, 0, 0]
B07HF6NRG2	[0, 1, 0, 13, 0, 3, 0, 0, 0, 0]
B07ZQL8BF1	[3, 0, 5, 2, 1, 0, 1, 0, 0, 0]
B07TWRKJRW	[6, 0, 3, 3, 0, 3, 1, 0, 0, 0]
B09JBNYGLQ	[0, 0, 1, 3, 0, 0, 0, 0, 0, 0]
B08L7YBRMB	[0, 0, 0, 3, 0, 0, 0, 0, 0, 0]
B08PZCB15S	[3, 0, 5, 2, 1, 0, 1, 0, 0, 0]
B07XSX8H7N	[5, 0, 1, 1, 0, 0, 0, 0, 0, 0]
B08HWJDNTW	[9, 5, 20, 5, 3, 3, 1, 5, 3, 1]
B075XRN21X	[0, 0, 0, 0, 0, 0, 0, 0, 0, 0]
B0752D52FH	[13, 37, 31, 12, 0, 2, 0, 4, 1, 1]
B07HQ59LPD	[0, 0, 1, 1, 0, 0, 0, 0, 0, 0]
B07HNR5H7Y	[1, 0, 0, 0, 0, 0, 0, 0, 0, 0]
B08CBNJXKT	[3, 0, 4, 2, 1, 0, 1, 0, 0, 0]
B07NS1485R	[18, 4, 28, 22, 0, 4, 1, 3, 0, 2]
B07XDGPDB2	[7, 3, 9, 6, 1, 4, 1, 1, 0, 0]
B09372N3T2	[5, 3, 10, 3, 1, 3, 1, 1, 1, 0]
B07W96Y27H	[5, 0, 3, 6, 0, 1, 0, 0, 0, 0]
B08BZP1M1G	[2, 5, 5, 2, 0, 3, 1, 1, 1, 0]
B07Z77RCRY	[1, 0, 0, 3, 0, 0, 0, 0, 0, 0]
B07VRP42JP	[3, 0, 4, 3, 1, 0, 1, 0, 0, 0]
B07DW5NM5G	[4, 4, 13, 8, 0, 1, 1, 1, 0, 1]
B07WVQ11CY	[5, 0, 3, 6, 0, 1, 0, 0, 0, 0]
B08PZ5X9VM	[3, 0, 5, 2, 1, 0, 1, 0, 0, 0]
B08NDD6TWZ	[1, 0, 10, 5, 3, 3, 0, 0, 0, 0]
B07FCP5VGS	[0, 0, 0, 0, 0, 1, 1, 0, 0, 0]
B08XLPRX6H	[3, 0, 4, 2, 1, 0, 1, 0, 0, 0]
B08VJHKS78	[3, 0, 8, 2, 0, 0, 0, 0, 0, 0]
B071Y5FT56	[2, 1, 1, 2, 0, 0, 0, 1, 0, 1]
B01N45NYH7	[3, 0, 1, 2, 0, 0, 2, 0, 0, 0]
B07DDKB34F	[0, 0, 0, 0, 0, 0, 0, 0, 0, 0]
B07F163VZS	[2, 7, 9, 5, 0, 2, 1, 5, 1, 1]
B097H254FP	[4, 4, 13, 8, 0, 1, 1, 1, 0, 1]
B078RQSFKB	[21, 5, 15, 1, 0, 1, 0, 0, 0, 0]
B075KC2R2F	[0, 0, 1, 1, 0, 0, 0, 0, 0, 0]
B07J2C2LWT	[1, 0, 1, 1, 0, 0, 1, 0, 0, 0]
B084BTY2FM	[0, 0, 1, 4, 0, 2, 0, 1, 0, 0]
B07VWRHM3L	[6, 4, 9, 5, 1, 3, 1, 1, 1, 0]
B07HR9CW1Y	[0, 0, 0, 0, 0, 0, 0, 0, 0, 0]
B07PZ5YDJR	[2, 0, 1, 3, 0, 0, 0, 0, 0, 0]
B07XTFSTYH	[12, 7, 15, 5, 0, 0, 2, 0, 1, 0]
B08RW4KLMV	[1, 0, 1, 1, 0, 1, 0, 0, 0, 0]
B07D7WP25T	[3, 0, 6, 3, 0, 0, 0, 0, 0, 0]
B07GZHDH5J	[0, 0, 2, 1, 0, 1, 0, 0, 0, 0]
B07HWZDGRF	[3, 0, 4, 2, 0, 1, 1, 0, 0, 0]
B07HHFM8ZJ	[14, 3, 18, 2, 2, 3, 3, 0, 0, 0]
B08PPQ4GHH	[3, 0, 5, 2, 1, 0, 1, 0, 0, 0]
B09MLPXC88	[2, 3, 3, 2, 0, 1, 0, 0, 1, 0]
B07JZ6XSM7	[0, 1, 0, 0, 0, 0, 0, 0, 0, 0]
B07JLXCX94	[0, 1, 5, 6, 0, 1, 0, 0, 0, 1]
B08PVYWS8R	[3, 0, 5, 2, 1, 0, 1, 0, 0, 0]
B08PZB6BGH	[3, 0, 5, 2, 1, 0, 1, 0, 0, 0]
B09LBFG93L	[6, 3, 2, 3, 0, 2, 1, 0, 0, 0]
B07TG72L1K	[0, 0, 0, 3, 0, 0, 0, 0, 0, 0]
B09N781B4F	[1, 0, 1, 0, 0, 0, 0, 0, 0, 0]
B083VZL26B	[7, 2, 11, 4, 0, 1, 0, 1, 0, 1]
B07L131NBN	[0, 0, 0, 2, 0, 0, 0, 0, 0, 0]
B07NNVKJDX	[12, 0, 14, 2, 0, 0, 1, 0, 0, 0]
B08PZ4QLVK	[3, 0, 5, 2, 1, 0, 1, 0, 0, 0]
B09CTB9K49	[9, 5, 10, 8, 1, 5, 1, 0, 2, 0]
B092YQJBXQ	[3, 0, 8, 2, 0, 0, 0, 0, 0, 0]
B09FDL7P7V	[9, 6, 15, 7, 1, 2, 2, 1, 1, 0]
B07BNVFN97	[2, 0, 1, 0, 0, 0, 0, 0, 0, 0]
B089WHYRQV	[0, 0, 2, 0, 0, 0, 0, 0, 0, 0]
B08D6Y764X	[1, 0, 2, 1, 0, 0, 0, 0, 0, 0]
B07MQV5F9H	[1, 0, 0, 0, 0, 1, 0, 0, 0, 0]
B07VRZYMYC	[5, 0, 3, 6, 0, 1, 0, 0, 0, 0]
B076X3ML83	[5, 7, 9, 2, 1, 5, 0, 1, 2, 1]
B089FS58N6	[1, 0, 2, 4, 0, 1, 1, 0, 0, 0]
B08QNBGJNP	[3, 0, 5, 2, 1, 0, 1, 0, 0, 0]
B08D6ZCMB3	[1, 0, 2, 1, 0, 0, 0, 0, 0, 0]
B09H7697CD	[17, 1, 9, 3, 0, 1, 1, 0, 1, 1]
B07G2H25R4	[2, 0, 9, 1, 0, 0, 0, 0, 0, 0]
B0963M9LRR	[4, 0, 3, 2, 0, 0, 0, 1, 0, 0]
B079Z4YWQH	[5, 3, 22, 4, 3, 3, 2, 4, 1, 1]
B07PVZGFWS	[1, 0, 3, 5, 0, 0, 0, 0, 0, 0]
B09M484CFM	[4, 4, 5, 2, 0, 2, 0, 1, 0, 0]
B07ZYZQD9R	[0, 0, 0, 0, 0, 0, 0, 0, 0, 0]
B07172DN5V	[4, 0, 0, 2, 0, 0, 0, 0, 0, 0]
B08PZ3FGKM	[3, 0, 5, 2, 1, 0, 1, 0, 0, 0]
B07QF37BV2	[0, 0, 1, 4, 0, 2, 0, 1, 0, 0]
B07ZPWBP9T	[4, 3, 5, 6, 1, 4, 2, 2, 0, 0]
B08GSTBCGT	[2, 0, 21, 0, 0, 0, 0, 0, 0, 0]
B09N91N2JR	[1, 0, 1, 0, 0, 0, 0, 0, 0, 0]
B08ZXQ5Q2H	[0, 0, 3, 11, 0, 1, 0, 1, 0, 0]
B09NQ94HMG	[0, 0, 1, 3, 0, 1, 0, 1, 0, 0]
B09R81RG51	[6, 0, 6, 3, 2, 0, 1, 0, 0, 0]
B0821GPX6T	[10, 2, 16, 5, 0, 2, 2, 1, 0, 0]
B07NPL2HYF	[0, 1, 2, 13, 2, 4, 2, 2, 2, 1]
B08DRPHFYB	[1, 0, 10, 4, 0, 0, 0, 0, 0, 0]
B07QSWD2RZ	[0, 0, 0, 1, 0, 0, 0, 0, 0, 0]
B08QVV82JD	[1, 4, 4, 5, 1, 1, 0, 0, 0, 0]
B08L3DT6Q7	[7, 1, 3, 7, 0, 1, 1, 0, 0, 0]
B081G84N5X	[3, 0, 8, 1, 1, 1, 1, 0, 0, 0]
B08QN9HC6W	[3, 0, 5, 2, 1, 0, 1, 0, 0, 0]
B08D9RRPZ1	[1, 0, 0, 3, 0, 1, 0, 0, 0, 0]
B07M6W3PXS	[9, 2, 14, 7, 0, 1, 1, 0, 0, 0]
B08Q8KZBWW	[3, 0, 5, 2, 1, 0, 1, 0, 0, 0]
B09GY4VYWM	[3, 0, 1, 7, 1, 1, 0, 1, 0, 0]
B07GB4BSLX	[0, 0, 0, 31, 1, 0, 0, 0, 0, 0]
B07CYY6ZTC	[0, 1, 6, 6, 0, 1, 0, 0, 0, 1]
B08NSLHY49	[0, 0, 0, 2, 0, 0, 0, 0, 0, 0]
B08S6W5HBD	[9, 4, 18, 7, 2, 2, 2, 1, 1, 0]
B085SZN1YP	[2, 0, 0, 4, 0, 0, 0, 0, 0, 0]
B097R8KDBM	[0, 0, 1, 4, 0, 2, 0, 1, 0, 0]
B08X1V953Y	[5, 0, 3, 0, 0, 0, 0, 1, 0, 0]
B07GRCF7YB	[1, 2, 3, 3, 0, 0, 1, 1, 1, 0]
B09TB6VGWQ	[5, 10, 8, 6, 0, 2, 0, 4, 0, 1]
B07QQ26512	[0, 0, 2, 1, 0, 0, 0, 0, 0, 0]
B08DWM5323	[0, 0, 0, 0, 0, 0, 0, 0, 0, 0]
B098BQH81R	[3, 0, 0, 0, 0, 1, 0, 0, 0, 0]
B085NJWD1P	[5, 1, 6, 0, 0, 3, 1, 0, 0, 1]
B08C6CZ335	[0, 0, 1, 4, 0, 2, 0, 1, 0, 0]
B08KTD45FS	[1, 1, 1, 0, 0, 1, 0, 0, 0, 0]
B01EJJFWV4	[7, 4, 8, 3, 1, 2, 2, 1, 0, 2]
B079TNCDKK	[0, 0, 0, 0, 0, 0, 0, 0, 0, 0]
B09835B6YM	[5, 2, 5, 4, 0, 2, 0, 0, 1, 0]
B08738TMY2	[0, 0, 0, 31, 1, 0, 0, 0, 0, 0]
B0799QVSCY	[7, 4, 14, 4, 0, 2, 0, 0, 0, 0]
B07K2844B2	[3, 0, 3, 6, 0, 1, 0, 0, 0, 0]
B07785SPCH	[23, 28, 38, 28, 4, 10, 4, 3, 1, 5]
B07FTLMTPF	[0, 1, 0, 0, 0, 0, 0, 0, 0, 0]
B08PNS8TYK	[3, 0, 5, 2, 1, 0, 1, 0, 0, 0]
B081RK8GQB	[2, 0, 0, 4, 0, 0, 0, 0, 0, 0]
B08BJS187F	[0, 0, 0, 0, 0, 0, 0, 0, 0, 0]
B07ZD6P96Z	[2, 0, 0, 4, 0, 0, 0, 0, 0, 0]
B0824VV6NQ	[0, 0, 0, 2, 0, 0, 0, 0, 0, 0]
B06ZYCJJQS	[41, 19, 43, 11, 0, 4, 4, 3, 2, 2]
B08PVTMSVM	[3, 0, 5, 2, 1, 0, 1, 0, 0, 0]
B08PZFGCT6	[3, 0, 5, 2, 1, 0, 1, 0, 0, 0]
B0814XJ8F6	[0, 3, 6, 0, 0, 6, 0, 0, 0, 0]
B07LB1BRLD	[34, 4, 31, 9, 0, 1, 0, 1, 1, 0]
B078SJSKFN	[6, 0, 3, 5, 0, 4, 4, 0, 0, 0]
B09GBD6798	[14, 11, 12, 5, 0, 1, 0, 2, 0, 1]
B072FTNQW4	[9, 1, 4, 13, 0, 3, 0, 0, 2, 2]
B0772J1QKB	[8, 0, 2, 1, 0, 0, 0, 0, 0, 0]
B08QCKZMP4	[3, 0, 1, 9, 0, 0, 0, 0, 0, 0]
B075GHHW5X	[1, 0, 2, 1, 0, 0, 0, 0, 0, 0]
B089P26PX2	[0, 0, 2, 0, 0, 0, 0, 0, 0, 0]
B01CH4BP28	[23, 4, 24, 10, 0, 7, 1, 2, 0, 1]
B09NM9YN5W	[1, 0, 5, 2, 0, 0, 0, 0, 0, 0]
B09JSV35D8	[9, 6, 16, 5, 1, 2, 3, 1, 1, 0]
B07QJ29YNL	[9, 0, 5, 0, 1, 1, 0, 0, 0, 0]
B07B8Q9M7Z	[0, 0, 0, 2, 0, 0, 0, 0, 0, 0]
B08H7Y68HS	[0, 0, 0, 0, 0, 0, 0, 0, 0, 0]
B07HX3V2KM	[0, 0, 2, 0, 0, 0, 1, 0, 0, 0]
B08DNR8SJ9	[3, 0, 5, 2, 1, 0, 1, 0, 0, 0]
B07N75NVKP	[3, 0, 8, 2, 0, 0, 0, 0, 0, 0]
B07Z9JJD26	[4, 3, 3, 0, 0, 1, 0, 0, 1, 0]
B07C55CPFQ	[0, 0, 1, 0, 0, 1, 0, 0, 0, 0]
B07G45KFHK	[10, 0, 5, 6, 0, 1, 1, 0, 0, 0]
B082G3CXBT	[0, 0, 1, 4, 0, 0, 0, 0, 0, 0]
B01MG6DAYB	[0, 0, 1, 1, 0, 0, 0, 0, 0, 0]
B099FHDGWS	[6, 1, 4, 6, 0, 3, 0, 0, 0, 0]
B072N52K5Y	[5, 2, 4, 2, 1, 2, 0, 0, 0, 0]
B08P5XN9NZ	[3, 0, 5, 2, 1, 0, 1, 0, 0, 0]
B081QLYBC2	[3, 0, 4, 1, 1, 0, 1, 0, 0, 0]
B08V8K7QK5	[2, 1, 2, 18, 0, 1, 0, 0, 0, 0]
B086VMLRNH	[5, 3, 11, 11, 0, 1, 1, 2, 0, 3]
B07SRD7PLB	[0, 0, 0, 1, 0, 0, 0, 0, 0, 0]
B084P6855P	[2, 2, 8, 2, 1, 0, 0, 1, 0, 1]
B07DP5Y448	[0, 4, 1, 5, 0, 2, 0, 1, 0, 0]
B088BKP896	[3, 0, 4, 2, 1, 0, 1, 0, 0, 0]
B079P7DZ4D	[3, 0, 2, 1, 0, 1, 0, 0, 0, 0]
B078HQ513D	[9, 4, 18, 4, 0, 0, 0, 2, 1, 0]
B08VJJMQW4	[4, 0, 3, 2, 0, 0, 0, 1, 0, 0]
B08SHHS8JZ	[8, 0, 10, 4, 0, 2, 1, 0, 0, 0]
B07T7G931Z	[1, 1, 1, 6, 1, 2, 0, 0, 0, 1]
B07JN2YG6P	[0, 0, 0, 1, 0, 0, 0, 0, 0, 0]
B08QSFW5XD	[3, 0, 5, 2, 1, 0, 1, 0, 0, 0]
B08DXW7F7T	[7, 4, 11, 6, 2, 5, 1, 2, 3, 0]
B07JMJ3WRV	[1, 0, 2, 1, 0, 0, 0, 0, 0, 0]
B0969PWGDK	[0, 0, 1, 0, 0, 0, 1, 0, 0, 0]
B06XPP135L	[3, 1, 4, 1, 0, 3, 0, 0, 1, 0]
B08PVF2JBN	[3, 0, 5, 2, 1, 0, 1, 0, 0, 0]
B08PZ5SNRK	[3, 0, 5, 2, 1, 0, 1, 0, 0, 0]
B01FB6A31I	[7, 0, 7, 1, 0, 2, 1, 0, 0, 0]
B06X3X121G	[6, 4, 11, 3, 1, 3, 1, 1, 1, 0]
B09HS3CTGJ	[0, 1, 0, 46, 0, 0, 0, 0, 0, 0]
B09QXMQ9KM	[7, 1, 13, 5, 1, 2, 4, 0, 0, 0]
B08QJNGVMH	[3, 6, 8, 6, 0, 0, 2, 3, 0, 1]
B0756V9CYL	[1, 0, 2, 1, 0, 0, 0, 0, 0, 0]
B098YZGYJQ	[0, 1, 0, 60, 0, 0, 0, 0, 0, 0]
B09LYYRLQS	[2, 0, 1, 1, 0, 2, 0, 0, 0, 0]
B07BQ23K57	[0, 0, 0, 1, 0, 0, 0, 0, 0, 0]
B08TFM1Q4P	[1, 1, 4, 11, 1, 2, 0, 2, 1, 1]
B08D8ZC6PF	[7, 1, 16, 4, 0, 1, 2, 0, 1, 1]
B07D7TT873	[1, 0, 0, 0, 0, 0, 0, 1, 0, 0]
B07VHJ4Z55	[2, 2, 4, 1, 0, 2, 1, 1, 1, 1]
B081TD3BXQ	[3, 0, 4, 2, 1, 0, 1, 0, 0, 0]
B07M5QPBGT	[3, 0, 8, 2, 0, 0, 0, 0, 0, 0]
B07G4GG9HN	[0, 0, 0, 0, 0, 0, 0, 0, 0, 0]
B07M93NKCL	[0, 0, 0, 31, 1, 0, 0, 0, 0, 0]
B07WF87R6L	[10, 2, 16, 3, 0, 1, 2, 0, 0, 0]
B08T5TVJC3	[3, 0, 4, 2, 1, 0, 1, 0, 0, 0]
B0949FJ3PD	[0, 0, 0, 0, 0, 0, 0, 0, 0, 0]
B081NMPKMV	[3, 0, 4, 1, 1, 0, 1, 0, 0, 0]
B08SWF66HN	[1, 2, 2, 4, 2, 1, 2, 0, 0, 0]
B01HA3HAH0	[8, 0, 10, 5, 0, 2, 0, 0, 0, 0]
B08667R388	[0, 0, 0, 0, 0, 0, 0, 0, 0, 0]
B075W6WW4K	[1, 0, 2, 1, 0, 0, 0, 0, 0, 0]
B06Y12BD1V	[1, 0, 3, 0, 0, 0, 0, 0, 0, 0]
B07HN6NFRC	[0, 0, 2, 2, 0, 0, 0, 0, 0, 0]
B088NCYFGQ	[9, 8, 1, 6, 0, 3, 1, 0, 0, 0]
B0799M5HGM	[6, 3, 3, 2, 1, 1, 1, 1, 1, 1]
B09GKV6PM1	[1, 0, 1, 0, 0, 0, 0, 0, 0, 0]
B07PX2LPYD	[7, 3, 12, 0, 0, 4, 2, 5, 3, 2]
B07CN8Y9T8	[17, 8, 14, 10, 0, 2, 3, 3, 2, 1]
B07SSX2VLK	[4, 2, 3, 0, 0, 0, 0, 0, 0, 0]
B08DRJLSZB	[11, 6, 25, 76, 3, 7, 3, 2, 2, 0]
B07DX5ZRJ4	[4, 2, 2, 7, 0, 2, 0, 0, 0, 0]
B082ZSTLCQ	[0, 0, 0, 0, 0, 0, 0, 0, 0, 0]
B07D2HQ57L	[2, 4, 2, 1, 0, 1, 0, 1, 1, 1]
B097XWLQQ4	[4, 0, 7, 9, 1, 2, 1, 0, 0, 0]
B01MR3DKOT	[3, 0, 0, 6, 1, 5, 2, 1, 3, 2]
B085RZNF1B	[3, 0, 4, 3, 0, 1, 0, 0, 0, 0]
B0881VD9D1	[1, 0, 1, 1, 0, 0, 0, 0, 0, 0]
B09KTMKY7Y	[10, 5, 17, 5, 2, 2, 3, 1, 1, 0]
B09Q97QSYN	[2, 3, 2, 6, 0, 1, 0, 0, 0, 1]
B08Q3TMGN7	[3, 0, 5, 2, 1, 0, 1, 0, 0, 0]
B07YZ5BV4L	[0, 0, 0, 0, 0, 0, 0, 0, 0, 0]
B08SJDRFT6	[0, 0, 0, 0, 0, 0, 0, 0, 0, 0]
B079MHG2SH	[13, 4, 16, 14, 0, 3, 3, 0, 2, 1]
B07JNLB94D	[8, 2, 11, 1, 0, 2, 1, 0, 0, 0]
B08PVN66J3	[3, 0, 5, 2, 1, 0, 1, 0, 0, 0]
B08372L9DY	[0, 0, 1, 4, 0, 2, 0, 1, 0, 0]
B079WLZ9RP	[0, 0, 0, 1, 0, 0, 0, 0, 0, 0]
B09T388GXV	[3, 6, 30, 10, 1, 4, 4, 2, 1, 1]
B07D8PQQ6P	[13, 5, 23, 8, 2, 4, 1, 0, 0, 1]
B081F4X14Z	[3, 0, 4, 2, 1, 0, 1, 0, 0, 0]
B08PZ14625	[3, 0, 5, 2, 1, 0, 1, 0, 0, 0]
B08W8QCQ6S	[0, 1, 0, 0, 0, 0, 0, 0, 0, 0]
B08W9KLFKV	[0, 1, 0, 0, 0, 0, 0, 0, 0, 0]
B08CP8X9N2	[2, 2, 8, 5, 0, 2, 6, 0, 6, 2]
B088XTRHDV	[0, 0, 2, 0, 0, 0, 0, 0, 0, 0]
B07FSMB8JJ	[2, 0, 8, 1, 0, 0, 0, 0, 0, 0]
B073ZXZ6DL	[2, 0, 0, 5, 1, 4, 0, 0, 0, 0]
B08FCNZPK1	[0, 0, 0, 0, 0, 0, 0, 0, 0, 0]
B07L9W8RTZ	[14, 3, 17, 3, 0, 1, 0, 2, 2, 1]
B07LGSVFNW	[0, 0, 0, 0, 0, 0, 0, 0, 0, 0]
B071KX1Q9M	[1, 0, 2, 1, 0, 0, 0, 0, 0, 0]
B08PVLJG21	[3, 0, 5, 2, 1, 0, 1, 0, 0, 0]
B08ZCT4Z11	[6, 6, 12, 2, 1, 5, 2, 2, 1, 1]
B07YCR4MCX	[9, 6, 16, 9, 2, 3, 2, 1, 1, 1]
