B07RML3K3G	[0, 1, 0, 0, 0, 0, 0, 0, 0, 0]
B09PYQHY13	[0, 0, 0, 1, 0, 0, 0, 0, 0, 0]
B07HF4PWMZ	[0, 0, 0, 2, 0, 0, 0, 0, 0, 0]
B08Q7XWBXM	[15, 8, 1, 1, 1, 2, 0, 0, 0, 0]
B087D767LJ	[2, 0, 2, 1, 0, 0, 0, 0, 0, 0]
B07JQSZ6B5	[0, 0, 0, 4, 0, 0, 0, 0, 0, 0]
B07KWVB9MN	[0, 0, 0, 2, 0, 1, 1, 0, 0, 0]
B07QP7S15F	[0, 0, 0, 0, 0, 1, 1, 0, 0, 0]
B06XYYRQ3R	[1, 0, 2, 1, 0, 0, 0, 0, 0, 0]
B09NYLMZTV	[2, 3, 10, 5, 0, 2, 2, 1, 0, 0]
B09P1PDMKB	[1, 0, 0, 0, 0, 0, 0, 0, 0, 0]
B07TNH8TQJ	[0, 0, 0, 2, 0, 1, 1, 0, 0, 0]
B07TDB5TS7	[3, 0, 0, 3, 0, 0, 0, 0, 0, 0]
B08PKWK23X	[0, 0, 0, 1, 0, 0, 0, 0, 0, 0]
B07QP6GZNJ	[0, 0, 0, 0, 0, 1, 1, 0, 0, 0]
B095P311XY	[1, 0, 0, 28, 1, 0, 1, 0, 0, 0]
B089ZVRH6R	[0, 0, 0, 0, 0, 0, 0, 0, 0, 0]
B089VJHBFR	[9, 5, 10, 1, 2, 2, 0, 0, 0, 0]
B08914KMDV	[3, 1, 5, 1, 0, 0, 0, 1, 1, 0]
B098PNZ4MP	[0, 0, 0, 1, 0, 0, 0, 0, 0, 0]
B09FB4L8V6	[3, 4, 13, 17, 2, 5, 0, 0, 0, 0]
B08591WT9D	[5, 2, 6, 7, 1, 5, 0, 1, 0, 0]
B086QZBTHH	[5, 1, 7, 9, 0, 3, 0, 0, 0, 0]
B07T91Z5Y6	[0, 0, 0, 2, 0, 1, 1, 0, 0, 0]
B09DS3XV4C	[8, 4, 18, 5, 2, 2, 2, 1, 0, 0]
B08QZ9GSTF	[5, 3, 11, 4, 1, 3, 1, 1, 1, 0]
B07Z9KCZSL	[7, 0, 16, 9, 1, 6, 3, 0, 0, 0]
B08D6XJ6K1	[1, 0, 2, 1, 0, 0, 0, 0, 0, 0]
B08286KHYK	[0, 0, 0, 0, 0, 0, 0, 0, 0, 0]
B07V8GFF63	[2, 1, 5, 1, 0, 0, 0, 0, 0, 0]
B07Q84DQ7G	[16, 2, 11, 10, 1, 3, 2, 1, 0, 1]
B07V4SH9CH	[3, 3, 10, 8, 0, 1, 1, 0, 0, 0]
B08C6Z4C3R	[4, 0, 2, 0, 0, 1, 0, 0, 0, 0]
B085Q73KM8	[0, 0, 0, 0, 0, 0, 0, 0, 0, 0]
B07FW673N2	[4, 1, 5, 0, 0, 0, 0, 0, 0, 0]
B07HJ3F1M7	[7, 0, 7, 0, 0, 0, 1, 0, 0, 0]
B08C6GXLKG	[10, 0, 20, 1, 3, 5, 0, 1, 0, 0]
B09TRR26CV	[3, 0, 4, 2, 1, 0, 1, 0, 0, 0]
B07L6RWC8F	[16, 9, 38, 8, 2, 6, 2, 1, 1, 0]
B07H7VQZRM	[0, 0, 0, 1, 0, 0, 0, 0, 0, 0]
B081TZTGSG	[5, 5, 6, 5, 0, 1, 0, 0, 1, 1]
B08VWNBVP9	[0, 0, 0, 0, 0, 0, 0, 0, 0, 0]
B09JW6DKRT	[10, 3, 11, 6, 1, 5, 1, 1, 1, 0]
B08245FDB6	[0, 0, 0, 0, 0, 0, 0, 0, 0, 0]
B01EIQX6Y8	[6, 1, 7, 3, 0, 2, 3, 0, 0, 0]
B07HG1Y4KX	[4, 0, 12, 5, 0, 3, 0, 0, 0, 0]
B08DNSBVMW	[3, 0, 4, 2, 1, 0, 1, 0, 0, 0]
B08JVDJD5S	[0, 0, 0, 0, 0, 0, 0, 0, 0, 0]
B07RMV4CVV	[0, 0, 2, 5, 0, 0, 0, 0, 0, 0]
B087F6CLJG	[5, 3, 11, 7, 1, 3, 1, 1, 1, 1]
B087JZ9T1L	[3, 0, 4, 2, 1, 0, 1, 0, 0, 0]
B07SNVMF99	[3, 0, 0, 3, 0, 0, 0, 0, 0, 0]
B09KTLZG67	[8, 0, 11, 4, 2, 1, 1, 0, 0, 0]
B08CV63Z72	[0, 0, 0, 2, 0, 0, 0, 0, 0, 0]
B08D3Q11NT	[0, 3, 3, 4, 1, 3, 1, 1, 1, 0]
B08Q8C17LJ	[2, 0, 2, 1, 0, 0, 0, 0, 0, 0]
B08ZXSFD8P	[6, 5, 12, 6, 1, 1, 2, 1, 0, 0]
B097NGZJTN	[0, 0, 1, 0, 0, 0, 0, 0, 0, 0]
B08F83VXLG	[0, 1, 0, 0, 0, 0, 0, 0, 0, 0]
B086JNWP6B	[0, 0, 0, 0, 0, 0, 0, 0, 0, 0]
B087RQ9LJ5	[5, 1, 7, 9, 0, 3, 0, 0, 0, 0]
B082J5ZTQF	[3, 0, 4, 2, 1, 0, 1, 0, 0, 0]
B01N7U5AXE	[7, 0, 9, 4, 0, 1, 3, 0, 0, 0]
B078S7B2FG	[14, 3, 21, 10, 1, 4, 4, 0, 0, 0]
B09BZMNYVF	[0, 1, 0, 34, 0, 0, 0, 0, 0, 0]
B083XCWWCK	[4, 2, 15, 1, 0, 2, 0, 0, 0, 0]
B08WYPT4CV	[3, 0, 3, 12, 0, 3, 2, 1, 0, 0]
B09S6TYPX7	[3, 0, 5, 3, 0, 1, 0, 0, 0, 0]
B07G4G1G37	[0, 0, 0, 2, 0, 1, 1, 0, 0, 0]
B07VFK93V3	[0, 0, 0, 0, 0, 0, 0, 0, 0, 0]
B09CLLLKW3	[6, 0, 5, 2, 0, 0, 0, 0, 0, 0]
B07FMWPJXX	[5, 0, 3, 3, 0, 0, 0, 1, 0, 0]
B08C78P7D5	[6, 0, 5, 3, 0, 0, 0, 1, 0, 1]
B08CX7F844	[4, 0, 5, 2, 0, 1, 0, 0, 0, 0]
B07D81T21K	[0, 0, 0, 0, 0, 0, 0, 0, 0, 0]
B07XL97LJ4	[2, 0, 1, 6, 0, 0, 0, 0, 0, 1]
B0935QLM7C	[3, 0, 4, 2, 1, 0, 1, 0, 0, 0]
B08Q8L7SYV	[2, 4, 4, 5, 1, 1, 0, 0, 0, 0]
B07YSSMSWR	[4, 2, 5, 0, 1, 0, 1, 0, 0, 0]
B07K6KMPYQ	[1, 0, 0, 3, 0, 0, 0, 0, 0, 0]
B07BBJFDCC	[10, 5, 20, 14, 0, 0, 0, 2, 1, 0]
B081V4KBG6	[7, 0, 11, 1, 1, 0, 1, 0, 1, 0]
B08Q7ZV79K	[2, 0, 1, 2, 0, 3, 0, 0, 0, 0]
B07YF84NY8	[2, 0, 7, 6, 0, 0, 0, 0, 0, 0]
B08XTVRWBM	[0, 3, 5, 3, 0, 3, 1, 1, 1, 0]
B075KY8LPR	[1, 0, 2, 1, 0, 0, 0, 0, 0, 0]
B017OBYNZU	[0, 0, 1, 0, 0, 0, 0, 0, 0, 0]
B07STM2KGL	[3, 1, 8, 14, 1, 2, 1, 1, 1, 0]
B086MSHFLV	[5, 1, 7, 9, 0, 3, 0, 0, 0, 0]
B072ML3N6K	[17, 3, 35, 11, 1, 2, 1, 4, 2, 2]
B07B9V7L7G	[2, 0, 2, 0, 0, 0, 1, 0, 0, 0]
B075V2PX4Z	[1, 0, 2, 1, 0, 0, 0, 0, 0, 0]
B09N4461LQ	[14, 4, 16, 5, 2, 7, 5, 2, 2, 1]
B071ND6PPL	[1, 0, 2, 1, 0, 0, 0, 0, 0, 0]
B08BFVYN8Z	[19, 2, 12, 3, 0, 5, 1, 1, 0, 0]
B095CVK3WH	[2, 4, 4, 5, 1, 1, 0, 0, 0, 0]
B09QMSNG9T	[0, 0, 0, 1, 0, 0, 0, 0, 0, 0]
B081GLMH46	[7, 0, 4, 7, 0, 2, 0, 0, 0, 0]
B073N8Q7RW	[10, 0, 4, 4, 1, 4, 4, 0, 0, 0]
B07PM4HNCP	[3, 3, 3, 6, 0, 0, 0, 0, 0, 2]
B07LGCHNPP	[0, 0, 0, 1, 0, 0, 0, 0, 0, 0]
B0864XLT1C	[2, 0, 7, 6, 0, 0, 0, 0, 0, 0]
B08BTP991V	[2, 0, 2, 1, 0, 0, 0, 0, 0, 0]
B07KPHDJCM	[11, 0, 6, 9, 0, 5, 1, 2, 1, 0]
B075L35YDY	[1, 0, 2, 1, 0, 0, 0, 0, 0, 0]
B01BI9JO1W	[0, 0, 0, 0, 0, 0, 0, 0, 0, 0]
B08MF1WGWG	[7, 0, 2, 2, 0, 2, 2, 0, 0, 0]
B06XWNGRRL	[4, 6, 7, 2, 1, 2, 3, 7, 2, 0]
B08DRTGNHZ	[10, 6, 1, 0, 1, 2, 0, 0, 0, 0]
B083ZD894J	[0, 0, 0, 2, 0, 0, 0, 0, 0, 0]
B09CS6KX4L	[29, 4, 17, 2, 5, 1, 1, 2, 1, 1]
B08L9MD19X	[3, 0, 4, 2, 1, 0, 1, 0, 0, 0]
B07KC56TFC	[2, 0, 1, 2, 0, 0, 1, 0, 0, 0]
B07JN28CF7	[1, 0, 2, 1, 0, 0, 0, 0, 0, 0]
B07ZG8N235	[1, 0, 1, 0, 0, 0, 0, 0, 0, 0]
B073VQT9P4	[5, 3, 11, 3, 1, 3, 1, 1, 1, 0]
B073TSSNK4	[1, 0, 2, 1, 0, 0, 0, 0, 0, 0]
B08PTRBJ63	[1, 0, 1, 1, 0, 1, 0, 0, 0, 0]
B097RKMPSZ	[2, 4, 4, 5, 1, 1, 0, 0, 0, 0]
B0719TQV6W	[0, 0, 0, 2, 0, 0, 0, 0, 0, 0]
B01N9A5MAD	[2, 1, 5, 3, 0, 1, 4, 1, 0, 0]
B01EIQOOUS	[2, 1, 0, 52, 0, 0, 0, 0, 0, 0]
B09FQXY379	[3, 0, 5, 3, 0, 1, 0, 0, 0, 0]
B09QD63WWN	[0, 0, 0, 2, 0, 0, 0, 0, 0, 0]
B09KMBNFDB	[3, 3, 15, 33, 0, 3, 1, 0, 0, 1]
B07WW5B97Y	[0, 0, 0, 2, 0, 1, 1, 0, 0, 0]
B08QZQYP5S	[2, 4, 4, 5, 1, 1, 0, 0, 0, 0]
B07Z5JZ586	[0, 0, 0, 3, 0, 0, 0, 0, 0, 0]
B085NNCGV3	[0, 2, 0, 3, 0, 0, 0, 0, 0, 0]
B07VH9ZKMY	[7, 3, 6, 5, 0, 2, 1, 3, 1, 1]
B09QPR7PTP	[0, 0, 2, 1, 0, 0, 1, 0, 0, 0]
B07G5618FB	[3, 3, 10, 8, 0, 1, 1, 0, 0, 0]
B08R97D1FS	[4, 3, 10, 4, 1, 2, 1, 1, 1, 0]
B08WRSJC4H	[5, 0, 13, 0, 0, 1, 0, 1, 0, 0]
B09L1NC1ZQ	[11, 2, 9, 3, 0, 0, 3, 0, 0, 0]
B078W199Z3	[0, 0, 0, 0, 0, 0, 0, 0, 0, 0]
B08NWDQXY8	[0, 1, 0, 39, 0, 0, 0, 0, 0, 0]
B083QRKMBV	[2, 0, 7, 6, 0, 0, 0, 0, 0, 0]
B08R437LVJ	[5, 0, 3, 2, 0, 0, 0, 0, 0, 0]
B08LHDSQ8J	[0, 1, 0, 0, 0, 0, 0, 0, 0, 0]
B07W6HXGML	[3, 0, 6, 3, 0, 1, 0, 0, 0, 0]
B07ZB3DZ7W	[1, 2, 4, 9, 1, 7, 1, 0, 1, 0]
B0933LTRMD	[0, 0, 0, 0, 0, 0, 0, 0, 0, 0]
B07MVN731H	[1, 0, 1, 2, 0, 1, 1, 0, 0, 0]
B086YNR9YW	[0, 1, 0, 29, 0, 0, 0, 0, 0, 0]
B07NL74165	[7, 1, 0, 1, 0, 0, 1, 1, 0, 0]
B07B381CB6	[0, 0, 0, 1, 0, 0, 0, 0, 0, 0]
B07MCSZLK9	[11, 3, 14, 9, 1, 4, 6, 0, 0, 0]
B07P462R7T	[11, 4, 13, 6, 4, 9, 4, 2, 2, 0]
B01EIQYF3E	[9, 2, 24, 4, 1, 0, 4, 0, 0, 0]
B08D6YJZLL	[1, 0, 2, 1, 0, 0, 0, 0, 0, 0]
B07DLJVXRY	[0, 0, 0, 0, 0, 0, 0, 0, 0, 0]
B07FQLBDJ3	[7, 0, 0, 3, 0, 0, 0, 0, 0, 0]
B092YHQPX5	[1, 0, 3, 3, 0, 0, 0, 0, 0, 0]
B07ZKDJHJ1	[11, 5, 17, 12, 2, 5, 1, 5, 1, 1]
B0793S5N4W	[6, 0, 7, 0, 0, 0, 0, 0, 0, 0]
B07VCGNRHG	[2, 0, 7, 11, 1, 0, 1, 0, 0, 0]
B017RXFNKY	[16, 9, 38, 8, 2, 6, 2, 1, 1, 0]
B085LFDBBZ	[8, 1, 3, 7, 0, 2, 0, 0, 0, 0]
B07DD58XX5	[4, 1, 5, 6, 0, 1, 1, 0, 0, 1]
B07PH1ZSGF	[2, 0, 4, 1, 0, 0, 0, 0, 0, 0]
B07KQLQGZ4	[0, 0, 0, 0, 0, 1, 1, 0, 0, 0]
B08NWJZCHJ	[3, 0, 4, 2, 1, 0, 1, 0, 0, 0]
B08YD8461R	[5, 16, 13, 0, 0, 0, 0, 0, 0, 0]
B01HFZI9AK	[10, 0, 5, 4, 0, 1, 1, 0, 0, 0]
B07HH5N5RV	[4, 0, 12, 5, 0, 3, 0, 0, 0, 0]
B07MJRQ52G	[0, 0, 0, 0, 0, 1, 1, 0, 0, 0]
B09LG1JP6T	[6, 5, 12, 6, 1, 1, 2, 1, 0, 0]
B09BRJ39HT	[5, 0, 2, 1, 0, 0, 2, 0, 0, 0]
B098NJR2J9	[4, 1, 6, 3, 0, 1, 2, 0, 0, 0]
B08SHCNN3S	[8, 5, 13, 5, 2, 6, 2, 1, 3, 0]
B07NY2FQRN	[6, 3, 11, 4, 1, 3, 1, 1, 0, 0]
B0799ZLCD9	[3, 2, 9, 1, 0, 1, 0, 0, 0, 1]
B072R2G3RL	[7, 3, 5, 4, 0, 0, 1, 0, 0, 0]
B0869QLPJ6	[0, 1, 0, 0, 0, 0, 0, 0, 0, 0]
B0868WSKPD	[5, 0, 4, 4, 1, 2, 1, 1, 0, 0]
B09JL3VPQ2	[3, 0, 4, 0, 1, 2, 0, 1, 0, 0]
B08CTZP97H	[4, 3, 14, 5, 1, 3, 1, 1, 0, 0]
B07TTNHTHP	[0, 0, 0, 0, 0, 0, 0, 0, 0, 0]
B09T96DBFZ	[7, 2, 2, 0, 0, 0, 0, 0, 0, 0]
B093CRF1YD	[0, 0, 0, 0, 0, 0, 0, 0, 0, 0]
B07N81VFVT	[0, 2, 5, 3, 0, 2, 3, 1, 1, 0]
B07C7WTDY8	[8, 3, 20, 11, 1, 3, 2, 2, 2, 0]
B08R8LDKF4	[0, 0, 2, 0, 0, 0, 1, 0, 0, 0]
B0969Q7S2B	[5, 3, 11, 3, 1, 3, 1, 1, 1, 0]
B07MJKLFYL	[13, 1, 18, 8, 0, 5, 1, 2, 0, 0]
B08MDX2HDR	[4, 3, 11, 4, 1, 3, 1, 1, 0, 0]
B0854MV7WG	[5, 3, 13, 4, 1, 3, 1, 1, 0, 0]
B08BCT34J3	[0, 1, 0, 0, 0, 0, 0, 0, 0, 0]
B08KHMWRDB	[3, 1, 4, 1, 0, 0, 2, 1, 0, 0]
B07WX7DNR1	[9, 1, 11, 3, 0, 0, 1, 0, 0, 1]
B07S8QBMWV	[8, 0, 7, 6, 0, 1, 1, 0, 0, 0]
B09QQTV8MV	[8, 1, 18, 5, 1, 3, 0, 0, 0, 0]
B07M8L3Q5C	[0, 0, 0, 0, 0, 0, 0, 0, 0, 0]
B083TT2FLL	[2, 3, 4, 3, 0, 4, 1, 2, 0, 1]
B098SSYPSL	[10, 0, 19, 4, 2, 2, 4, 0, 0, 0]
B09T3H779T	[6, 0, 4, 0, 0, 0, 0, 1, 0, 0]
B07VRTNJC6	[9, 4, 9, 4, 0, 8, 2, 0, 2, 1]
B0859N2MTN	[2, 0, 7, 6, 0, 0, 0, 0, 0, 0]
B07Y56395C	[13, 3, 6, 14, 0, 0, 0, 0, 0, 0]
B092XXGHLR	[1, 0, 3, 3, 0, 0, 0, 0, 0, 0]
B07FTWGVL6	[4, 1, 9, 4, 0, 4, 1, 1, 0, 0]
B09P71WV1S	[4, 3, 11, 6, 1, 3, 1, 0, 0, 0]
B07YZQJYR3	[0, 0, 0, 3, 0, 0, 0, 0, 0, 0]
B07VWB6S2Q	[6, 3, 10, 3, 1, 3, 1, 1, 1, 0]
B06XW3F5GW	[0, 0, 0, 2, 0, 0, 0, 0, 0, 0]
B07J4QKWFQ	[7, 0, 12, 9, 1, 2, 1, 0, 0, 0]
B098DWN5B6	[0, 0, 1, 17, 0, 0, 0, 0, 0, 0]
B09PB5B927	[7, 1, 10, 4, 1, 1, 0, 0, 0, 0]
B092W9XBT7	[1, 0, 3, 3, 0, 0, 0, 0, 0, 0]
B07H25BSCN	[82, 15, 138, 15, 3, 18, 3, 4, 1, 1]
B089H19SP6	[1, 0, 1, 1, 0, 2, 1, 0, 0, 0]
B0832L2S1Q	[0, 3, 7, 5, 1, 3, 1, 1, 1, 0]
B08B3H8X96	[3, 4, 2, 1, 0, 0, 0, 0, 0, 0]
B0982TDSF5	[6, 3, 13, 3, 1, 3, 1, 1, 1, 0]
B0947S1ZTF	[0, 1, 0, 1, 0, 0, 0, 0, 1, 1]
B08GTV3CDC	[0, 1, 0, 0, 0, 0, 0, 0, 0, 0]
B08Z4JN4ZP	[1, 0, 3, 3, 0, 0, 0, 0, 0, 0]
B07XKFDKLP	[1, 0, 2, 6, 0, 0, 0, 0, 0, 0]
B09FK9CPCV	[3, 3, 10, 5, 1, 4, 0, 1, 1, 0]
B087D7NRHX	[0, 0, 1, 0, 0, 0, 1, 0, 0, 0]
B0811Z5XVS	[1, 0, 4, 5, 1, 2, 2, 0, 0, 1]
B07ZPF1R9P	[0, 3, 9, 8, 1, 2, 1, 1, 1, 0]
B086GTC4PS	[3, 0, 12, 0, 0, 0, 0, 0, 0, 0]
B07L8NZZTF	[0, 0, 0, 1, 0, 0, 0, 0, 0, 0]
B07NYWBL62	[0, 0, 0, 2, 0, 0, 0, 0, 0, 0]
B09FL9S8Y1	[0, 0, 0, 0, 0, 0, 0, 0, 0, 0]
B075MS2CSJ	[1, 0, 2, 3, 0, 0, 0, 0, 0, 0]
B09FFPJX18	[2, 4, 4, 5, 1, 1, 0, 0, 0, 0]
B08CNFPNMT	[5, 3, 3, 4, 1, 3, 1, 1, 1, 0]
B07HGXKX37	[1, 9, 11, 0, 1, 2, 0, 0, 2, 0]
B08D2TRGZG	[20, 1, 26, 12, 0, 1, 5, 0, 1, 0]
B07SNXG4ZT	[3, 0, 0, 3, 0, 0, 0, 0, 0, 0]
B07JMV1BFD	[1, 0, 2, 1, 0, 0, 0, 0, 0, 0]
B0713Z5TJG	[7, 2, 9, 2, 0, 4, 3, 2, 2, 1]
B07GTC276H	[18, 10, 37, 7, 2, 6, 4, 3, 2, 2]
B07ZD1J2TQ	[0, 0, 0, 0, 0, 0, 0, 0, 0, 0]
B079LTP355	[0, 0, 2, 0, 0, 0, 0, 0, 0, 0]
B07DQHXY26	[5, 2, 5, 6, 0, 1, 0, 0, 0, 0]
B08MKW95MF	[0, 2, 1, 4, 0, 1, 1, 0, 0, 0]
B086C9QWYN	[5, 4, 4, 5, 1, 3, 2, 1, 2, 1]
B09H3DQ4WJ	[0, 0, 0, 0, 0, 0, 0, 0, 0, 0]
B09QRPGFXM	[2, 0, 9, 0, 0, 1, 1, 0, 0, 0]
B09M6VCPJV	[2, 4, 4, 5, 1, 1, 0, 0, 0, 0]
B081K8WWCK	[4, 2, 5, 1, 0, 1, 0, 0, 0, 0]
B09Q5C28RY	[0, 1, 0, 0, 0, 0, 0, 0, 0, 0]
B07Q1N9SB5	[0, 0, 1, 6, 0, 0, 0, 0, 0, 0]
B09SB4ZK11	[8, 6, 17, 7, 1, 3, 4, 2, 1, 0]
B08RZ819MB	[4, 3, 11, 6, 1, 3, 1, 1, 1, 0]
B0861HFRLZ	[17, 6, 18, 3, 1, 6, 5, 6, 5, 1]
B07MWGPJ86	[2, 0, 3, 2, 0, 0, 0, 1, 1, 0]
B071NVKH7C	[1, 0, 3, 5, 0, 2, 0, 0, 0, 0]
B08DYDFV96	[1, 0, 1, 0, 0, 0, 1, 0, 0, 0]
B073GVHDL5	[3, 2, 6, 6, 3, 0, 1, 0, 0, 0]
B092X5G7B1	[1, 0, 3, 3, 0, 0, 0, 0, 0, 0]
B07PP91JB2	[0, 1, 2, 1, 0, 0, 0, 0, 1, 0]
B074TV61DK	[4, 0, 1, 1, 0, 0, 0, 0, 0, 0]
B09BBNJYN3	[0, 0, 0, 0, 0, 0, 0, 0, 0, 0]
B07XLQBRJB	[0, 0, 0, 3, 0, 0, 0, 0, 0, 0]
B0968BSHCC	[0, 0, 0, 0, 0, 0, 0, 0, 0, 0]
B08GN9CY52	[3, 0, 4, 3, 1, 0, 1, 0, 0, 0]
B07C8FSTFP	[5, 3, 11, 4, 0, 2, 1, 1, 1, 1]
B08KF65CRY	[12, 14, 31, 33, 7, 15, 4, 5, 7, 3]
B09NPC2TPN	[12, 5, 1, 3, 0, 2, 0, 0, 1, 0]
B07C7N6NS4	[6, 3, 8, 5, 1, 3, 0, 0, 2, 0]
B07HGHLFBF	[4, 1, 9, 4, 0, 4, 1, 1, 0, 0]
B07ZTN51F4	[0, 2, 3, 5, 0, 1, 0, 0, 1, 0]
B088TQC99V	[1, 0, 15, 4, 0, 1, 1, 0, 0, 0]
B07GVNC2BP	[0, 0, 0, 2, 0, 1, 1, 0, 0, 0]
B07WSFL7NG	[19, 7, 9, 3, 0, 4, 2, 0, 1, 0]
B07QM9XHQR	[0, 0, 0, 0, 0, 1, 1, 0, 0, 0]
B07285G1RK	[21, 4, 10, 7, 1, 4, 2, 0, 0, 0]
B087YKLJKW	[3, 4, 2, 1, 0, 0, 0, 0, 0, 0]
B07HB2R5Y8	[6, 0, 4, 4, 1, 2, 2, 1, 0, 0]
B092WWNBJQ	[1, 0, 3, 3, 0, 0, 0, 0, 0, 0]
B01M5E92TH	[1, 0, 2, 1, 0, 0, 0, 0, 0, 0]
B0937GCWF4	[2, 0, 1, 0, 0, 0, 0, 0, 0, 0]
B07K1P4RM9	[4, 0, 12, 5, 0, 3, 0, 0, 0, 0]
B08CVKFW8M	[7, 11, 14, 10, 1, 5, 5, 5, 3, 1]
B08W5CN42L	[5, 1, 7, 9, 0, 3, 0, 0, 0, 0]
B091QB2DKJ	[1, 0, 0, 29, 1, 0, 1, 0, 0, 0]
B08BFT3MPD	[19, 2, 12, 4, 0, 5, 1, 1, 0, 0]
B07V1VNSGZ	[0, 2, 3, 5, 0, 1, 0, 0, 1, 0]
B07ZTK3FZC	[3, 0, 4, 2, 1, 0, 1, 0, 0, 0]
B09TWQHT71	[0, 5, 5, 10, 2, 2, 1, 0, 1, 0]
B082FL2J23	[5, 3, 11, 1, 1, 2, 2, 0, 0, 0]
B079VQB18J	[3, 10, 3, 2, 0, 1, 0, 0, 0, 1]
B09N9T3DF7	[5, 0, 10, 8, 0, 1, 0, 1, 0, 0]
B07L1S1S2V	[12, 9, 32, 17, 5, 6, 14, 3, 4, 3]
B08FFQK31D	[6, 2, 10, 22, 0, 2, 3, 2, 12, 1]
B07RT759Z9	[1, 0, 2, 1, 0, 0, 0, 0, 0, 0]
B08VS4NJXG	[2, 4, 4, 5, 1, 1, 0, 0, 0, 0]
B07LCQ5JT7	[12, 3, 12, 6, 0, 0, 2, 0, 0, 1]
B08BG6JQPD	[0, 0, 0, 2, 0, 0, 0, 0, 0, 0]
B07RRYC69Z	[6, 0, 7, 6, 0, 0, 0, 1, 0, 0]
B08D6ZJPTB	[1, 0, 2, 1, 0, 0, 0, 0, 0, 0]
B08NFJ6CQX	[1, 0, 5, 6, 0, 0, 1, 0, 0, 0]
B07LGLHCF4	[0, 0, 0, 0, 0, 0, 0, 0, 0, 0]
B07JHJNNV9	[12, 0, 4, 9, 0, 3, 0, 0, 1, 0]
B07NCZKFCW	[0, 1, 0, 0, 0, 0, 0, 0, 0, 0]
B07PLL5D5W	[0, 0, 0, 0, 0, 0, 0, 0, 0, 0]
B07LD3HHLV	[3, 0, 2, 4, 0, 0, 0, 0, 0, 0]
B082VLHFJG	[6, 4, 17, 4, 0, 0, 2, 3, 0, 0]
B08PZJYXND	[2, 0, 5, 0, 0, 1, 1, 0, 0, 0]
B0757H679T	[1, 0, 2, 1, 0, 0, 0, 0, 0, 0]
B077KHD3T9	[0, 0, 0, 1, 0, 0, 0, 0, 0, 0]
B08Z78YVRY	[0, 0, 0, 0, 0, 0, 0, 0, 0, 0]
B075YRHSWS	[1, 0, 4, 1, 0, 0, 0, 0, 0, 0]
B08D6YFY65	[1, 0, 2, 1, 0, 0, 0, 0, 0, 0]
B075J914W2	[3, 0, 5, 2, 0, 1, 0, 0, 0, 0]
B07PH16935	[0, 0, 3, 1, 0, 0, 0, 0, 0, 0]
B08WPLDQRQ	[3, 0, 8, 2, 0, 0, 0, 0, 0, 0]
B081543T4B	[0, 0, 0, 0, 0, 0, 0, 0, 0, 0]
B087289GLC	[0, 1, 0, 0, 0, 0, 0, 0, 0, 0]
B075977QQY	[1, 0, 2, 1, 0, 0, 0, 0, 0, 0]
B08D6YP7W6	[1, 0, 2, 1, 0, 0, 0, 0, 0, 0]
B09KNT1MTF	[19, 0, 59, 4, 2, 2, 1, 0, 1, 0]
B07R5YXWK9	[2, 0, 8, 2, 0, 0, 1, 0, 0, 0]
B092X3Y2N8	[1, 0, 3, 3, 0, 0, 0, 0, 0, 0]
B07GNT3FJ1	[6, 1, 5, 4, 0, 1, 0, 0, 1, 0]
B08TC5W4ZP	[7, 3, 7, 5, 1, 3, 0, 1, 1, 0]
B07T2TSZG7	[1, 0, 0, 5, 1, 0, 0, 0, 0, 0]
B09456W9CX	[1, 0, 3, 3, 0, 0, 0, 0, 0, 0]
B07K2G4YG1	[8, 1, 2, 1, 0, 2, 1, 0, 0, 0]
B089WGC387	[2, 0, 7, 11, 1, 0, 1, 0, 0, 0]
B083V6DD67	[0, 0, 0, 0, 0, 0, 0, 0, 0, 0]
B087TG6HX7	[3, 0, 2, 0, 0, 0, 0, 0, 0, 0]
B07P6M9NPG	[0, 0, 0, 2, 0, 1, 1, 0, 0, 0]
B07CNWG478	[9, 2, 8, 2, 0, 3, 0, 0, 0, 0]
B0841HVH5L	[0, 0, 2, 0, 0, 0, 0, 0, 0, 0]
B08YM3CHRG	[0, 0, 1, 0, 0, 0, 0, 0, 0, 0]
B07KQ41MQS	[11, 0, 5, 3, 0, 2, 2, 0, 0, 0]
B07H2LCFBP	[0, 0, 0, 0, 0, 0, 0, 0, 0, 0]
B07TVK78NC	[0, 0, 0, 0, 0, 0, 0, 0, 0, 0]
B092YTF1QK	[1, 0, 3, 3, 0, 0, 0, 0, 0, 0]
B09MZSDNQ5	[4, 6, 4, 3, 0, 1, 0, 0, 0, 0]
B0825FPS28	[4, 0, 9, 3, 1, 1, 2, 0, 0, 0]
B089H213H9	[10, 0, 5, 6, 0, 1, 1, 0, 0, 0]
B07WTQFM9V	[0, 0, 0, 2, 0, 0, 2, 0, 0, 0]
B07H3BHM4T	[1, 1, 5, 2, 0, 1, 0, 0, 0, 0]
B08MTJ548Y	[5, 0, 1, 2, 0, 0, 0, 0, 0, 0]
B07MJH2SHD	[0, 0, 0, 1, 0, 0, 0, 0, 0, 0]
B08RJMSZVQ	[2, 4, 4, 5, 1, 1, 0, 0, 0, 0]
B09Q676QL8	[0, 0, 0, 1, 0, 0, 0, 0, 0, 0]
B08GNRJK6R	[0, 0, 0, 1, 0, 0, 0, 0, 0, 0]
B07MPVTH1S	[0, 0, 0, 0, 0, 0, 0, 0, 0, 0]
B07QXT6WSQ	[1, 2, 1, 2, 0, 1, 0, 0, 0, 0]
B075SWQJML	[4, 0, 3, 4, 0, 0, 1, 0, 0, 0]
B0842V4W9W	[7, 0, 9, 4, 1, 2, 1, 1, 0, 0]
B088ND1Y3C	[0, 0, 0, 0, 0, 0, 0, 0, 0, 0]
B07TS1SQBD	[1, 2, 2, 3, 0, 0, 1, 0, 2, 0]
B09PGL2C9N	[0, 0, 0, 1, 0, 0, 1, 0, 0, 0]
B084SVK45C	[6, 5, 13, 6, 1, 2, 0, 0, 1, 1]
B07HR3FVHL	[11, 2, 9, 3, 0, 0, 3, 0, 0, 0]
B09DMZDTQ5	[4, 6, 6, 4, 1, 2, 0, 2, 1, 0]
B07FMGYBMF	[0, 0, 0, 0, 0, 0, 0, 0, 0, 0]
B07ZLWXFPW	[3, 4, 2, 1, 0, 0, 0, 0, 0, 0]
B07J5KPXFW	[0, 0, 0, 1, 0, 0, 0, 0, 0, 0]
B09TBLR42J	[22, 1, 34, 10, 3, 1, 8, 1, 0, 0]
B07D3BZLNS	[1, 0, 1, 2, 0, 0, 0, 0, 0, 0]
B07JZB36VM	[0, 0, 0, 2, 0, 0, 0, 0, 0, 0]
B07R7W2LH5	[0, 0, 0, 0, 0, 0, 0, 0, 0, 0]
B07PB33NR9	[0, 1, 0, 42, 0, 0, 0, 0, 0, 0]
B07P8N7SMK	[0, 0, 0, 0, 0, 0, 0, 0, 0, 0]
B085VFN53N	[43, 2, 14, 11, 2, 1, 2, 1, 0, 0]
B0722MF852	[1, 0, 2, 1, 0, 0, 0, 0, 0, 0]
B075Q8G7VT	[1, 0, 2, 1, 0, 0, 0, 0, 0, 0]
B099NSDX5W	[3, 0, 6, 8, 0, 0, 3, 0, 0, 0]
B097SV4MPR	[3, 5, 11, 4, 1, 2, 2, 0, 1, 0]
B07KZX8L37	[0, 0, 0, 1, 0, 0, 0, 0, 0, 0]
B08Y66M8GP	[0, 2, 5, 7, 0, 0, 0, 0, 2, 0]
B075Z5DJGV	[11, 2, 4, 7, 2, 3, 0, 0, 0, 0]
B07HQ59LPD	[0, 0, 1, 0, 0, 0, 1, 0, 0, 0]
B07NWN17PK	[3, 0, 5, 3, 0, 0, 0, 0, 0, 0]
B097PT4SR8	[0, 1, 0, 0, 0, 0, 0, 0, 0, 0]
B07TWRKJRW	[6, 0, 2, 4, 0, 2, 1, 0, 0, 0]
B09JBNYGLQ	[1, 0, 1, 6, 0, 0, 1, 0, 1, 0]
B08ZHNFTZQ	[1, 0, 6, 2, 0, 0, 2, 0, 0, 0]
B07NGKZ86C	[0, 0, 2, 1, 0, 0, 0, 0, 0, 0]
B07DW5NM5G	[3, 3, 10, 8, 0, 1, 1, 0, 0, 0]
B06WW2XQ68	[17, 10, 20, 16, 2, 6, 0, 2, 1, 0]
B07S9CXVQB	[7, 2, 8, 3, 0, 2, 4, 1, 0, 0]
B08BZP1M1G	[6, 4, 7, 2, 0, 3, 0, 0, 0, 0]
B08Q8GQ33H	[2, 0, 2, 1, 0, 0, 0, 0, 0, 0]
B071Y5FT56	[3, 1, 2, 1, 0, 0, 0, 1, 0, 1]
B086SWWCMC	[0, 1, 0, 44, 0, 0, 0, 0, 0, 0]
B0811Z6J4L	[3, 0, 5, 2, 1, 0, 1, 0, 0, 0]
B01N45NYH7	[4, 0, 1, 2, 0, 0, 2, 0, 0, 0]
B07B973X4M	[0, 0, 0, 0, 0, 0, 0, 0, 0, 0]
B07XDGPDB2	[6, 3, 8, 5, 1, 5, 1, 1, 1, 0]
B09372N3T2	[6, 3, 8, 3, 1, 3, 0, 1, 1, 0]
B07NS1485R	[18, 4, 28, 21, 0, 4, 1, 3, 0, 2]
B07HNR5H7Y	[2, 0, 0, 0, 0, 1, 0, 0, 0, 0]
B083QQ886C	[2, 0, 7, 6, 0, 0, 0, 0, 0, 0]
B07NHKSWB3	[1, 2, 1, 2, 0, 1, 0, 0, 0, 0]
B08BTL1SN6	[17, 6, 18, 3, 1, 6, 5, 6, 5, 1]
B092X3Q4JG	[1, 0, 3, 3, 0, 0, 0, 0, 0, 0]
B08KWKSC76	[2, 4, 4, 5, 1, 1, 0, 0, 0, 0]
B07Q3SP3L7	[16, 2, 11, 10, 1, 3, 2, 1, 0, 1]
B07VWRHM3L	[5, 3, 11, 4, 1, 3, 1, 1, 1, 0]
B07GZZMSWP	[7, 1, 8, 3, 0, 1, 0, 1, 0, 1]
B07ZH9R8P3	[3, 0, 4, 2, 0, 1, 0, 0, 0, 0]
B07PZ5YDJR	[1, 0, 1, 3, 0, 0, 0, 0, 0, 0]
B084BTY2FM	[0, 0, 0, 2, 0, 0, 0, 0, 0, 0]
B08Q8DCZ9S	[2, 0, 2, 1, 0, 0, 0, 0, 0, 0]
B08VRFFV92	[0, 1, 0, 0, 0, 0, 0, 0, 0, 0]
B091FZ6FW4	[4, 0, 7, 3, 0, 0, 3, 0, 0, 0]
B06Y1G2L7P	[0, 0, 0, 2, 0, 0, 0, 0, 0, 0]
B097H254FP	[3, 3, 10, 8, 0, 1, 1, 0, 0, 0]
B09NYJ11ND	[8, 6, 17, 8, 1, 3, 5, 1, 1, 0]
B07HWZDGRF	[2, 0, 4, 1, 0, 1, 1, 1, 0, 0]
B07HHFM8ZJ	[15, 3, 18, 2, 2, 3, 3, 0, 0, 0]
B082FNK3JH	[0, 0, 0, 2, 0, 0, 0, 0, 0, 0]
B01M4IB27W	[11, 3, 15, 24, 1, 3, 1, 2, 0, 0]
B07JW55PBF	[1, 0, 2, 6, 0, 0, 0, 0, 1, 0]
B07MNFRKCP	[0, 0, 2, 0, 0, 0, 0, 0, 0, 0]
B09RCVFT57	[0, 0, 0, 0, 0, 0, 0, 0, 0, 0]
B07T2CNX2R	[3, 0, 0, 3, 0, 0, 0, 0, 0, 0]
B088HH2RSM	[3, 3, 3, 3, 0, 1, 1, 0, 0, 0]
B07VVY4FBZ	[0, 0, 3, 1, 0, 0, 0, 0, 0, 0]
B09JCGX65W	[11, 0, 23, 4, 3, 2, 3, 0, 0, 0]
B01MQ2NPA2	[0, 0, 0, 0, 0, 0, 0, 0, 0, 0]
B08D6YV27J	[1, 0, 2, 1, 0, 0, 0, 0, 0, 0]
B07KQFBX62	[0, 0, 0, 0, 0, 1, 1, 0, 0, 0]
B07W8TCW5V	[0, 4, 6, 1, 0, 1, 0, 0, 0, 1]
B0765541GC	[1, 0, 1, 0, 0, 0, 0, 0, 0, 0]
B0837VXSWR	[12, 3, 27, 6, 1, 6, 4, 4, 1, 2]
B086WLFXBR	[17, 6, 18, 3, 1, 6, 5, 6, 5, 1]
B09MDR3NGV	[0, 0, 0, 61, 1, 0, 0, 0, 1, 0]
B095XZR9F4	[3, 0, 3, 2, 0, 0, 0, 0, 0, 0]
B071DGGH17	[1, 0, 2, 1, 0, 0, 0, 0, 0, 0]
B08JGQ28J5	[6, 3, 13, 4, 1, 3, 1, 1, 0, 0]
B092XDRQSP	[1, 0, 3, 3, 0, 0, 0, 0, 0, 0]
B07J6NBD1P	[2, 1, 7, 6, 0, 3, 1, 1, 0, 0]
B07KT3FSH9	[0, 0, 0, 0, 0, 0, 0, 0, 0, 0]
B07VG9CNDC	[7, 0, 10, 2, 0, 0, 0, 1, 0, 0]
B09MKM67HR	[0, 0, 0, 4, 0, 0, 0, 0, 0, 0]
B08FCKD62D	[8, 0, 10, 4, 0, 1, 1, 0, 0, 0]
B086YSK6H6	[0, 0, 0, 0, 0, 0, 0, 0, 0, 0]
B08XZ7MHSQ	[3, 3, 10, 8, 0, 1, 1, 0, 0, 0]
B07N82RQD1	[0, 0, 0, 6, 0, 0, 0, 0, 0, 0]
B07SW86P66	[3, 0, 0, 3, 0, 0, 0, 0, 0, 0]
B071CZ9VRL	[4, 0, 4, 0, 0, 0, 0, 0, 0, 0]
B07ZT4VMJM	[0, 0, 0, 0, 0, 0, 0, 0, 0, 0]
B01LZJ8S4R	[13, 15, 11, 6, 1, 3, 2, 1, 1, 1]
B07QP7RDHD	[0, 0, 0, 0, 0, 1, 1, 0, 0, 0]
B08BT17K37	[17, 6, 18, 3, 1, 6, 5, 6, 5, 1]
B092XD8TP5	[1, 0, 3, 3, 0, 0, 0, 0, 0, 0]
B086M4LJNK	[5, 1, 7, 9, 0, 3, 0, 0, 0, 0]
B07G6ZJYTD	[7, 0, 3, 4, 1, 1, 1, 0, 0, 0]
B09732M4G5	[1, 0, 2, 1, 0, 0, 0, 0, 0, 0]
B075GW9W4Y	[0, 0, 3, 11, 0, 1, 2, 0, 0, 0]
B07M92YD7W	[7, 2, 3, 0, 0, 0, 1, 0, 0, 0]
B08CL1SF7Y	[1, 0, 3, 8, 0, 1, 0, 0, 0, 0]
B07YPCFPNW	[2, 0, 7, 6, 0, 0, 0, 0, 0, 0]
B075DXQFHN	[1, 0, 2, 1, 0, 0, 0, 0, 0, 0]
B07QPVZ7XC	[2, 0, 7, 11, 1, 0, 1, 0, 0, 0]
B09G3CMZGT	[3, 1, 4, 2, 0, 0, 2, 1, 0, 0]
B07449W67H	[5, 0, 3, 3, 1, 2, 2, 0, 0, 0]
B07NWWSJDP	[0, 0, 0, 0, 0, 0, 0, 0, 0, 0]
B01NBOTEBW	[6, 2, 13, 11, 0, 3, 1, 0, 0, 0]
B07QR7489S	[2, 0, 7, 11, 1, 0, 1, 0, 0, 0]
B06ZY9KFFK	[2, 0, 2, 0, 0, 0, 1, 0, 0, 0]
B07Y82NRFS	[3, 0, 4, 2, 1, 0, 1, 0, 0, 0]
B083HVDLGD	[10, 0, 9, 3, 1, 0, 2, 0, 0, 0]
B09QH2M9ZZ	[2, 0, 3, 2, 0, 1, 2, 0, 0, 0]
B07V82VZDT	[6, 0, 4, 4, 1, 2, 2, 1, 0, 0]
B07S5GG1D7	[1, 0, 0, 28, 1, 0, 1, 0, 0, 0]
B07Z9MBKGG	[2, 1, 7, 6, 0, 3, 1, 1, 0, 0]
B07TT6YRRV	[0, 2, 0, 3, 0, 0, 0, 0, 0, 0]
B07XBSD9ZD	[0, 0, 0, 0, 0, 0, 0, 0, 0, 0]
B08158XQF1	[0, 0, 0, 2, 0, 1, 1, 0, 0, 0]
B07X2M7VQG	[0, 0, 0, 1, 0, 0, 0, 0, 0, 0]
B07WNXHBB9	[0, 3, 2, 2, 0, 1, 0, 0, 0, 0]
B095KLX6PB	[3, 0, 4, 0, 0, 0, 0, 0, 0, 0]
B07NK766W7	[1, 0, 2, 1, 0, 0, 1, 0, 0, 0]
B07P9V2X82	[1, 4, 6, 20, 0, 1, 0, 0, 0, 1]
B094WFXS2B	[3, 0, 4, 0, 1, 2, 0, 1, 0, 0]
B093QQ3WQW	[0, 0, 0, 0, 0, 0, 0, 0, 0, 0]
B08B8FQX2H	[3, 0, 4, 2, 1, 0, 1, 0, 0, 0]
B08L3FDRK9	[13, 4, 16, 7, 3, 6, 5, 1, 2, 1]
B09K27S3QF	[2, 1, 4, 5, 0, 1, 0, 1, 2, 0]
B07RVHZLVL	[1, 6, 10, 23, 1, 0, 1, 0, 0, 0]
B07Q848GY8	[3, 3, 5, 2, 0, 1, 1, 0, 0, 0]
B099JK44XH	[0, 0, 0, 3, 0, 0, 0, 0, 0, 0]
B07NZZ1B5Z	[0, 0, 1, 0, 0, 0, 1, 0, 0, 0]
B085WRF96P	[5, 3, 11, 5, 1, 3, 1, 1, 1, 0]
B07XK8X7D4	[0, 0, 0, 3, 0, 0, 0, 0, 0, 0]
B093Y66DMG	[0, 1, 0, 0, 0, 0, 0, 0, 0, 0]
B07L66BFF9	[1, 0, 0, 0, 0, 0, 0, 0, 0, 0]
B07CR5DS15	[7, 0, 4, 2, 1, 0, 3, 1, 0, 0]
B08TPMWYR6	[1, 0, 3, 3, 0, 0, 0, 0, 0, 0]
B07981JQ4F	[12, 5, 19, 3, 2, 8, 5, 7, 8, 6]
B09MLS6F6J	[8, 5, 16, 7, 1, 3, 4, 1, 1, 0]
B08LVM1R6L	[7, 2, 3, 3, 0, 0, 0, 1, 1, 0]
B09H3FKWR1	[3, 0, 6, 8, 0, 0, 3, 0, 0, 0]
B07SRD7PLB	[0, 0, 0, 1, 0, 0, 0, 0, 0, 0]
B079P7DZ4D	[3, 0, 2, 1, 0, 1, 0, 0, 0, 0]
B086QZF56X	[4, 1, 7, 8, 0, 2, 1, 1, 1, 0]
B084P6855P	[2, 2, 7, 2, 1, 0, 0, 1, 0, 1]
B07G45KFHK	[10, 0, 5, 6, 0, 1, 1, 0, 0, 0]
B082G3CXBT	[0, 0, 1, 5, 0, 0, 0, 0, 0, 0]
B01MG6DAYB	[2, 0, 1, 1, 0, 0, 1, 0, 0, 0]
B09KCS9RY1	[2, 1, 5, 3, 0, 1, 0, 0, 0, 0]
B06ZXYF8P2	[8, 2, 17, 5, 0, 0, 1, 0, 0, 0]
B072N52K5Y	[5, 2, 3, 2, 1, 2, 0, 0, 0, 0]
B08GL18ZCB	[0, 0, 0, 0, 0, 0, 0, 0, 0, 0]
B07HPGWRY2	[9, 0, 13, 4, 0, 0, 2, 0, 0, 0]
B01LXZ56BY	[14, 1, 12, 6, 1, 3, 0, 0, 0, 0]
B08DXW7F7T	[8, 5, 13, 5, 2, 6, 2, 1, 3, 0]
B07JMJ3WRV	[1, 0, 2, 1, 0, 0, 0, 0, 0, 0]
B01FB6A31I	[6, 0, 7, 1, 0, 2, 1, 0, 0, 0]
B08SHHS8JZ	[8, 0, 10, 4, 0, 1, 1, 0, 0, 0]
B089B63TPG	[1, 1, 4, 5, 0, 1, 1, 0, 1, 0]
B078HQ513D	[3, 2, 6, 1, 0, 1, 1, 0, 0, 1]
B08VJJMQW4	[4, 0, 3, 2, 0, 0, 0, 1, 0, 0]
B08TFM1Q4P	[1, 1, 4, 13, 1, 0, 1, 2, 0, 1]
B092XXGBB7	[1, 0, 3, 3, 0, 0, 0, 0, 0, 0]
B08HJG8BWG	[0, 1, 1, 2, 0, 0, 0, 1, 0, 0]
B0756V9CYL	[1, 0, 2, 1, 0, 0, 0, 0, 0, 0]
B098YZGYJQ	[0, 1, 0, 60, 0, 0, 0, 0, 0, 0]
B09B4GFVMQ	[0, 0, 0, 1, 0, 0, 0, 0, 0, 0]
B07VHJ4Z55	[2, 2, 3, 1, 0, 2, 2, 1, 1, 1]
B08D8ZC6PF	[7, 1, 16, 4, 0, 1, 2, 0, 1, 1]
B084WWRS98	[3, 2, 9, 1, 2, 3, 1, 2, 1, 0]
B06X3X121G	[5, 3, 12, 4, 1, 3, 1, 1, 1, 0]
B07VFKQKZC	[2, 0, 7, 11, 1, 0, 1, 0, 0, 0]
B089WHTHXX	[2, 0, 7, 11, 1, 0, 1, 0, 0, 0]
B092YRQGPG	[1, 0, 3, 3, 0, 0, 0, 0, 0, 0]
B0945Z7DRB	[1, 0, 3, 3, 0, 0, 0, 0, 0, 0]
B08X219G5L	[3, 0, 3, 12, 0, 3, 2, 1, 0, 0]
B07KT6HJM3	[0, 0, 0, 0, 0, 0, 0, 0, 0, 0]
B07Z8D1FL6	[0, 0, 0, 3, 0, 0, 0, 0, 0, 0]
B0949FJ3PD	[0, 0, 0, 0, 0, 0, 0, 0, 0, 0]
B07WF87R6L	[10, 2, 15, 3, 0, 1, 2, 0, 0, 0]
B07TKFLDB3	[1, 0, 6, 2, 0, 0, 2, 0, 0, 0]
B07SSX3PFT	[4, 0, 2, 0, 1, 0, 0, 0, 0, 0]
B07WJ4DXTY	[6, 0, 3, 7, 0, 2, 1, 0, 0, 0]
B08L9STN99	[0, 1, 0, 0, 0, 0, 0, 0, 0, 0]
B09M76JVK6	[2, 4, 4, 5, 1, 1, 0, 0, 0, 0]
B075W6WW4K	[1, 0, 2, 1, 0, 0, 0, 0, 0, 0]
B09FKQWJZ6	[2, 4, 4, 5, 1, 1, 0, 0, 0, 0]
B07VV6R3P4	[0, 1, 0, 39, 0, 0, 0, 0, 0, 0]
B07HN6NFRC	[1, 0, 2, 2, 0, 0, 0, 0, 0, 0]
B01HA3HAH0	[6, 4, 8, 10, 2, 2, 1, 1, 2, 1]
B086YWSDQ3	[5, 1, 7, 9, 0, 3, 0, 0, 0, 0]
B07KCPWH27	[24, 1, 18, 1, 2, 3, 2, 0, 1, 0]
B08667R388	[0, 0, 0, 0, 0, 0, 0, 0, 0, 0]
B08DRJLSZB	[20, 8, 31, 75, 3, 8, 4, 2, 2, 0]
B07Q4R3QRP	[3, 1, 4, 1, 0, 0, 2, 1, 0, 0]
B089FQ5MPG	[0, 0, 1, 4, 0, 0, 0, 0, 0, 0]
B07T93NVFY	[0, 0, 0, 2, 0, 1, 1, 0, 0, 0]
B07R134K2D	[3, 2, 9, 7, 0, 1, 1, 1, 0, 0]
B085RZNF1B	[3, 0, 4, 3, 0, 1, 0, 0, 0, 0]
B09KTMKY7Y	[11, 6, 15, 8, 1, 3, 4, 1, 1, 0]
B082ZSTLCQ	[0, 0, 0, 0, 0, 0, 0, 0, 0, 0]
B0799M5HGM	[6, 3, 3, 2, 1, 1, 1, 1, 1, 1]
B09J6JKRNH	[5, 1, 7, 9, 0, 3, 0, 0, 0, 0]
B08372L9DY	[0, 0, 0, 2, 0, 0, 0, 0, 0, 0]
B079WLZ9RP	[0, 0, 0, 1, 0, 0, 0, 0, 0, 0]
B084JFM9H2	[0, 0, 0, 0, 0, 0, 0, 0, 0, 0]
B093XY7K33	[3, 0, 4, 3, 1, 0, 1, 0, 0, 0]
B09PNW55NQ	[0, 0, 0, 1, 0, 0, 0, 0, 0, 0]
B07D8PQQ6P	[12, 7, 34, 5, 1, 2, 0, 1, 0, 1]
B07ZYWHBBM	[2, 0, 1, 6, 0, 0, 0, 0, 0, 1]
B087Q9FFZL	[5, 1, 7, 9, 0, 3, 0, 0, 0, 0]
B09J1LHJR1	[5, 1, 7, 9, 0, 3, 0, 0, 0, 0]
B08SJDRFT6	[0, 0, 0, 0, 0, 0, 0, 0, 0, 0]
B071KX1Q9M	[1, 0, 2, 1, 0, 0, 0, 0, 0, 0]
B08FCNZPK1	[1, 0, 0, 0, 0, 0, 0, 0, 0, 0]
B07L9W8RTZ	[14, 3, 21, 4, 0, 0, 1, 1, 1, 1]
B07LGSVFNW	[0, 0, 0, 0, 0, 0, 0, 0, 0, 0]
B07YCR4MCX	[8, 6, 17, 15, 1, 3, 5, 1, 1, 0]
B087Q9GHC1	[5, 1, 7, 9, 0, 3, 0, 0, 0, 0]
B084V56QBC	[6, 1, 5, 2, 2, 0, 1, 1, 0, 0]
B07LB1XWS4	[0, 0, 0, 0, 0, 1, 1, 0, 0, 0]
B07H8KJ3Z5	[0, 0, 2, 0, 0, 0, 0, 0, 0, 0]
B08CP8X9N2	[3, 2, 8, 5, 0, 2, 6, 0, 6, 2]
B09CJPBD1Y	[2, 4, 4, 5, 1, 1, 0, 0, 0, 0]
B07V6FWNQC	[1, 0, 6, 2, 0, 0, 2, 0, 0, 0]
B07FSMB8JJ	[1, 0, 8, 1, 0, 1, 0, 0, 0, 0]
B076B3BWSD	[1, 0, 4, 2, 0, 1, 0, 0, 0, 0]
B09CTB9K49	[9, 6, 9, 8, 3, 3, 1, 0, 2, 0]
B08FVCGJCS	[3, 1, 4, 1, 0, 0, 2, 1, 0, 0]
B09FDL7P7V	[8, 6, 17, 6, 1, 3, 5, 1, 1, 0]
B09LBFG93L	[4, 4, 1, 3, 0, 1, 1, 0, 0, 0]
B07L131NBN	[0, 0, 0, 1, 0, 0, 0, 0, 0, 0]
B07NNVKJDX	[13, 0, 18, 2, 0, 0, 2, 0, 0, 0]
B07HPG95KV	[4, 0, 12, 5, 0, 3, 0, 0, 0, 0]
B07TZR1R24	[0, 0, 0, 0, 0, 0, 0, 0, 0, 0]
B07G2H25R4	[1, 0, 9, 1, 0, 1, 0, 0, 0, 0]
B08D6ZCMB3	[1, 0, 2, 1, 0, 0, 0, 0, 0, 0]
B08HZC9H44	[3, 0, 4, 2, 1, 0, 1, 0, 0, 0]
B09H7697CD	[18, 1, 9, 3, 0, 1, 1, 0, 1, 1]
B0962F5TNT	[9, 1, 15, 0, 1, 3, 3, 1, 1, 0]
B095CT6BTQ	[10, 2, 9, 1, 0, 3, 0, 0, 0, 0]
B089DQ2G4Y	[7, 1, 0, 1, 0, 0, 1, 1, 0, 0]
B08D6Y764X	[1, 0, 2, 1, 0, 0, 0, 0, 0, 0]
B07SQFR8TS	[2, 0, 7, 11, 1, 0, 1, 0, 0, 0]
B076X3ML83	[9, 3, 11, 6, 1, 5, 3, 2, 1, 2]
B0821GPX6T	[10, 2, 20, 7, 1, 2, 5, 0, 0, 0]
B07RP1TP8Z	[0, 0, 0, 2, 0, 0, 0, 0, 0, 0]
B09JZSG8HR	[11, 2, 9, 3, 0, 0, 3, 0, 0, 0]
B083JJ4LZG	[3, 0, 4, 3, 1, 0, 1, 0, 0, 0]
B08L3DT6Q7	[8, 1, 3, 7, 0, 2, 0, 0, 0, 0]
B08GMBBHHV	[0, 1, 0, 0, 0, 0, 0, 0, 0, 0]
B07WGFB3R2	[24, 3, 25, 1, 0, 6, 0, 0, 0, 0]
B08DRPHFYB	[1, 0, 10, 4, 0, 0, 0, 0, 0, 0]
B09L9WDD15	[1, 0, 3, 4, 0, 1, 2, 0, 0, 0]
B092WZ865G	[1, 0, 3, 3, 0, 0, 0, 0, 0, 0]
B07RG38SHW	[9, 1, 14, 6, 2, 3, 3, 1, 1, 0]
B07172DN5V	[4, 0, 0, 2, 0, 0, 0, 0, 0, 0]
B098QX42DX	[1, 0, 1, 1, 0, 1, 0, 0, 0, 0]
B08JLWKCY6	[2, 4, 4, 5, 1, 1, 0, 0, 0, 0]
B09463FC28	[1, 0, 3, 3, 0, 0, 0, 0, 0, 0]
B07WP6D63F	[2, 0, 7, 6, 0, 0, 0, 0, 0, 0]
B092HL21T5	[4, 0, 7, 5, 0, 1, 1, 0, 0, 0]
B081G84N5X	[3, 0, 10, 1, 2, 0, 1, 0, 0, 0]
B07MWH96WH	[13, 2, 10, 5, 0, 1, 3, 0, 0, 0]
B09HST8J1H	[0, 0, 0, 0, 0, 0, 0, 0, 0, 0]
B0854PTZCG	[2, 0, 7, 11, 1, 0, 1, 0, 0, 0]
B01J909TG2	[5, 1, 6, 3, 1, 0, 0, 0, 0, 0]
B07X6247Q5	[0, 0, 0, 0, 0, 0, 0, 0, 0, 0]
B08X1V953Y	[5, 0, 3, 0, 0, 0, 0, 1, 0, 0]
B08S6W5HBD	[6, 5, 20, 7, 1, 3, 3, 1, 1, 0]
B08KXZZZ9D	[2, 3, 3, 7, 0, 0, 1, 0, 0, 0]
B07S2DKT4D	[0, 1, 0, 33, 0, 0, 0, 0, 0, 0]
B09S5XRSKR	[4, 6, 4, 3, 0, 1, 0, 0, 0, 0]
B09GT3CCVJ	[0, 1, 0, 0, 0, 0, 0, 0, 0, 0]
B07MSBRRWR	[0, 0, 0, 0, 0, 0, 0, 0, 0, 0]
B06ZYCJJQS	[43, 17, 38, 11, 1, 0, 2, 1, 1, 1]
B0772J1QKB	[8, 0, 2, 1, 0, 0, 0, 0, 0, 0]
B09DNCZH55	[10, 0, 20, 1, 3, 5, 0, 1, 0, 0]
B075Q4TT5J	[4, 0, 3, 4, 0, 0, 1, 0, 0, 0]
B08H7Y68HS	[0, 0, 0, 0, 0, 0, 0, 0, 0, 0]
B08TCJB2RB	[1, 0, 2, 2, 0, 0, 0, 0, 0, 0]
B06XHZ46XG	[1, 0, 0, 0, 0, 0, 0, 0, 0, 0]
B084BQ1585	[1, 3, 9, 8, 1, 2, 1, 1, 1, 0]
B07Y3MQJ16	[2, 3, 9, 6, 1, 2, 1, 1, 1, 0]
B07M9CSJ5V	[1, 1, 5, 2, 0, 1, 0, 0, 0, 0]
B01CH4BP28	[21, 4, 21, 9, 0, 7, 1, 1, 0, 1]
B075GHHW5X	[1, 0, 2, 1, 0, 0, 0, 0, 0, 0]
B08PL3P9QR	[2, 0, 7, 11, 1, 0, 1, 0, 0, 0]
B09JSV35D8	[8, 6, 17, 7, 1, 3, 5, 1, 1, 0]
B09NM9YN5W	[3, 0, 5, 2, 0, 0, 0, 0, 0, 0]
B07Z5BB1GH	[3, 0, 4, 2, 1, 0, 1, 0, 0, 0]
B083WNFLYM	[10, 2, 20, 2, 2, 0, 2, 1, 0, 0]
B076QD6G24	[0, 0, 2, 2, 0, 1, 1, 0, 0, 0]
B075GFTWML	[1, 0, 2, 1, 0, 0, 0, 0, 0, 0]
B08QJN2CXF	[7, 2, 7, 6, 0, 5, 2, 0, 0, 2]
B09J65DH6Z	[5, 1, 7, 9, 0, 3, 0, 0, 0, 0]
B07PYT1S71	[0, 1, 1, 1, 0, 0, 0, 1, 0, 0]
B07MH6B6MP	[0, 0, 0, 0, 0, 0, 0, 0, 0, 0]
B084KJGGMN	[4, 4, 17, 5, 2, 5, 3, 4, 2, 2]
B084TSCMTY	[0, 0, 0, 0, 0, 0, 0, 0, 0, 0]
B075TZZ4WZ	[9, 6, 15, 13, 3, 2, 4, 0, 0, 0]
B07ZT2PK2H	[8, 24, 37, 2, 0, 0, 1, 1, 0, 1]
B07TNDMPKY	[12, 2, 29, 26, 1, 1, 6, 0, 0, 2]
B07JM8KQCV	[0, 0, 2, 0, 0, 0, 0, 0, 0, 0]
B09RQXM5JR	[1, 3, 7, 2, 0, 1, 0, 0, 0, 0]
B08X12QJY6	[3, 0, 3, 12, 0, 3, 2, 1, 0, 0]
B09KT6W6FM	[0, 0, 1, 1, 0, 0, 1, 0, 0, 0]
B07K1MQVFD	[9, 3, 6, 2, 0, 1, 0, 0, 0, 0]
B08SQHGNCG	[8, 0, 12, 3, 1, 1, 1, 0, 0, 0]
B09KTB7Y66	[0, 0, 1, 1, 0, 0, 1, 0, 0, 0]
B0722KZPGK	[9, 0, 11, 8, 2, 1, 3, 0, 0, 0]
B0814VVHH7	[7, 1, 8, 3, 0, 1, 0, 1, 0, 1]
B07T1C8YDM	[4, 0, 1, 1, 0, 0, 1, 0, 0, 0]
B09TSXMXM9	[3, 0, 11, 3, 0, 0, 0, 0, 0, 0]
B07JPYXZWB	[0, 0, 0, 1, 0, 0, 0, 0, 0, 0]
B07VBP5QSC	[0, 0, 0, 1, 0, 0, 0, 0, 0, 0]
B08VWXCQSL	[10, 0, 14, 6, 3, 0, 10, 1, 0, 0]
B086T24HXL	[5, 1, 7, 9, 0, 3, 0, 0, 0, 0]
B083GSVQQD	[4, 3, 9, 4, 1, 3, 0, 1, 1, 0]
B07XFNGF8S	[19, 4, 13, 12, 3, 9, 7, 1, 1, 0]
B07SJBX3HG	[3, 6, 4, 30, 0, 2, 1, 1, 1, 1]
B0881W7RPV	[5, 3, 6, 3, 1, 5, 2, 1, 2, 0]
B07MC4D3D8	[0, 0, 0, 0, 0, 0, 0, 0, 0, 0]
B07N6GD132	[0, 0, 0, 0, 0, 0, 0, 0, 0, 0]
B079MFXX44	[0, 0, 0, 1, 0, 0, 0, 0, 0, 0]
B09HJM7SGN	[0, 0, 0, 0, 0, 0, 0, 0, 0, 0]
B09QGZV99P	[4, 3, 12, 6, 1, 3, 0, 1, 1, 0]
B075Q63ZF7	[1, 0, 2, 1, 0, 0, 0, 0, 0, 0]
B0814MCV2C	[1, 3, 7, 2, 0, 1, 0, 0, 0, 0]
B07WNL13S7	[0, 1, 0, 61, 0, 0, 0, 0, 0, 0]
B07RT75PPC	[1, 0, 2, 1, 0, 0, 0, 0, 0, 0]
B07PDWPH9V	[2, 1, 4, 5, 0, 4, 0, 0, 0, 0]
B07M782RKN	[0, 0, 0, 0, 0, 0, 0, 0, 0, 0]
B085LFKQB6	[0, 0, 1, 5, 0, 0, 0, 0, 0, 0]
B01NA9KO1P	[13, 15, 11, 6, 1, 3, 2, 1, 1, 1]
B07T488B9J	[5, 2, 19, 7, 1, 2, 2, 1, 2, 1]
B091FS1D59	[2, 4, 4, 5, 1, 1, 0, 0, 0, 0]
B07SBTL3BJ	[2, 0, 1, 0, 0, 0, 0, 0, 0, 0]
B098FHQZ61	[5, 3, 11, 4, 1, 3, 1, 1, 1, 0]
B07NS7Z121	[3, 0, 10, 1, 1, 1, 1, 0, 0, 0]
B07WTQDNYG	[0, 1, 4, 1, 1, 2, 0, 0, 0, 0]
B09JZYVY9S	[11, 2, 9, 3, 0, 0, 3, 0, 0, 0]
B09V2Z3JBZ	[2, 5, 0, 4, 0, 0, 0, 0, 1, 0]
B08NFCD8ZC	[3, 0, 4, 2, 1, 0, 1, 0, 0, 0]
B09L3HHX6X	[2, 0, 3, 0, 0, 0, 0, 0, 0, 0]
B071WTRBYR	[1, 0, 2, 1, 0, 0, 0, 0, 0, 0]
B07V41F2LK	[0, 0, 0, 0, 0, 0, 0, 0, 0, 0]
B08TRS8W1V	[0, 0, 0, 1, 0, 0, 0, 0, 0, 0]
B07T995R53	[3, 0, 0, 3, 0, 0, 0, 0, 0, 0]
B06XRTJ29M	[1, 0, 2, 1, 0, 0, 0, 0, 0, 0]
B07Q8Y8RJ9	[3, 0, 4, 2, 1, 0, 1, 0, 0, 0]
B083ZG47N4	[1, 0, 0, 0, 0, 0, 0, 0, 0, 0]
B07MTJ4FD4	[1, 0, 0, 30, 1, 0, 1, 0, 0, 0]
B08NX8W3KM	[5, 3, 12, 6, 1, 3, 1, 1, 1, 0]
B07YNTWNLL	[2, 0, 7, 6, 0, 0, 0, 0, 0, 0]
B084H2K33L	[3, 3, 10, 8, 0, 1, 1, 0, 0, 0]
B0826CGRK8	[3, 0, 4, 2, 1, 0, 1, 0, 0, 0]
B09PV81HFT	[0, 0, 0, 1, 0, 0, 0, 0, 0, 0]
B07SCQNBDC	[4, 3, 5, 0, 0, 2, 1, 0, 0, 0]
B09JBK86SS	[8, 6, 17, 6, 1, 3, 5, 1, 1, 0]
B06Y1291WV	[1, 0, 2, 1, 0, 0, 0, 0, 0, 0]
B071CG8GB8	[1, 0, 2, 1, 0, 0, 0, 0, 0, 0]
B07BV3FDJD	[0, 0, 0, 0, 0, 0, 0, 0, 0, 0]
B08V9GDNG1	[5, 3, 11, 4, 1, 3, 1, 1, 1, 0]
B01LQ0FAVG	[0, 0, 2, 0, 0, 0, 0, 0, 0, 0]
B088MLDNRT	[10, 0, 20, 1, 3, 5, 0, 1, 0, 0]
B07QJCZ6RT	[0, 0, 0, 1, 0, 0, 0, 0, 0, 0]
B07H26M4CL	[0, 0, 0, 0, 0, 0, 0, 0, 0, 0]
B08FWTPH5D	[11, 5, 15, 4, 2, 2, 2, 1, 1, 0]
B07NRVPZ94	[0, 0, 17, 0, 0, 0, 0, 0, 0, 0]
B075DVY1SF	[1, 0, 2, 1, 0, 0, 0, 0, 0, 0]
B07GY2KHCC	[0, 0, 0, 0, 0, 0, 0, 0, 0, 0]
B07XTF1F5J	[4, 2, 12, 3, 3, 0, 1, 0, 0, 0]
B08LW1KZL3	[3, 0, 4, 2, 1, 0, 1, 0, 0, 0]
B0829BCZK3	[11, 2, 14, 9, 0, 3, 0, 1, 0, 1]
B097YMB3DN	[2, 4, 4, 5, 1, 1, 0, 0, 0, 0]
B07Q2V2RGL	[3, 0, 4, 6, 0, 0, 0, 0, 0, 0]
B01M2ZATT8	[9, 2, 16, 3, 1, 1, 1, 0, 0, 0]
B08R3J4Z62	[5, 3, 11, 6, 1, 3, 1, 1, 1, 0]
B098NHP2XY	[0, 0, 0, 0, 0, 0, 0, 0, 0, 0]
B0788RYH6K	[0, 0, 0, 0, 0, 0, 0, 0, 0, 0]
B08TDY1MGJ	[6, 1, 10, 12, 1, 5, 2, 0, 0, 0]
B08PJ4N5CM	[3, 0, 2, 0, 0, 0, 0, 0, 0, 0]
B088R4JT2Q	[8, 1, 14, 11, 1, 1, 1, 1, 0, 0]
B081Y13K86	[4, 0, 5, 2, 0, 1, 0, 0, 0, 0]
B07BPR74VX	[3, 0, 5, 2, 0, 1, 0, 0, 0, 0]
B08194L36X	[0, 0, 0, 0, 0, 0, 0, 0, 0, 0]
B07SRJZ2X6	[2, 0, 7, 11, 1, 0, 1, 0, 0, 0]
B06Y3TH1TB	[1, 0, 2, 1, 0, 0, 0, 0, 0, 0]
B07ZJ8RD17	[1, 2, 0, 0, 0, 0, 0, 0, 0, 0]
B07N1NBKTG	[3, 2, 4, 2, 2, 2, 1, 2, 1, 1]
B08WPHKGJF	[0, 0, 0, 0, 0, 0, 0, 0, 0, 0]
B08RZB4YCM	[5, 3, 5, 3, 1, 3, 0, 2, 2, 0]
B08YBSFHMY	[1, 0, 3, 3, 0, 0, 0, 0, 0, 0]
B07V5QG2KB	[18, 7, 24, 6, 0, 0, 2, 0, 0, 0]
B08413QSY7	[0, 0, 0, 0, 0, 0, 0, 0, 0, 0]
B07VH46TDC	[2, 1, 3, 3, 0, 1, 0, 0, 0, 0]
B07CRN2LKP	[7, 0, 7, 1, 0, 0, 0, 1, 0, 0]
B084DJ6ZCD	[0, 0, 0, 0, 0, 0, 0, 0, 0, 0]
B091TS6VTV	[0, 0, 0, 2, 0, 0, 0, 0, 0, 0]
B075Q6HQ72	[1, 0, 2, 1, 0, 0, 0, 0, 0, 0]
B07NDJJWTY	[9, 0, 8, 5, 1, 1, 1, 0, 0, 0]
B089DLRVXR	[5, 1, 7, 9, 0, 3, 0, 0, 0, 0]
B08G81PMKL	[7, 3, 1, 5, 0, 2, 0, 1, 1, 0]
B071KMYTQ2	[23, 4, 29, 3, 0, 4, 0, 1, 0, 0]
B07ZTQ5VBN	[2, 0, 1, 6, 0, 0, 0, 0, 0, 1]
B071WB521G	[1, 0, 2, 1, 0, 0, 0, 0, 0, 0]
B09KT5P6BV	[0, 0, 1, 1, 0, 0, 1, 0, 0, 0]
B0821R3ZWP	[2, 0, 7, 6, 0, 0, 0, 0, 0, 0]
B07NC3RRB5	[0, 0, 1, 1, 0, 1, 0, 0, 0, 1]
B09TDMFVTH	[0, 0, 0, 61, 1, 0, 0, 0, 1, 0]
B07924DBDH	[19, 0, 11, 4, 3, 5, 2, 0, 0, 0]
B09SPXT4BL	[8, 6, 17, 9, 1, 3, 4, 1, 1, 0]
B09S1BD825	[4, 6, 4, 3, 0, 1, 0, 0, 0, 0]
B075GKBZFP	[1, 0, 2, 1, 0, 0, 0, 0, 0, 0]
B0875NKWJ4	[5, 1, 7, 9, 0, 3, 0, 0, 0, 0]
B0839JYSGN	[0, 0, 0, 2, 0, 0, 0, 0, 0, 0]
B08P54SDCP	[1, 0, 0, 1, 0, 0, 0, 0, 0, 0]
B077HRVG6P	[1, 2, 4, 9, 1, 7, 1, 0, 1, 0]
B08QV3GSL3	[2, 4, 4, 5, 1, 1, 0, 0, 0, 0]
B08GSGZFS5	[10, 1, 15, 6, 1, 4, 2, 0, 2, 0]
B07W7RD4WM	[1, 0, 2, 8, 0, 0, 0, 0, 0, 0]
B09M6LXMZL	[1, 0, 1, 1, 0, 3, 0, 0, 0, 0]
B08PPNCD8L	[1, 0, 6, 3, 0, 1, 2, 0, 1, 0]
B01I9GHK40	[10, 0, 20, 4, 3, 4, 3, 1, 0, 0]
B08NK2Q19H	[5, 3, 11, 5, 1, 3, 1, 1, 1, 0]
B075TV17Y7	[1, 0, 2, 1, 0, 0, 0, 0, 0, 0]
B09RNCQXP7	[0, 0, 0, 6, 0, 0, 0, 0, 0, 0]
B01M3RCM3B	[1, 0, 2, 1, 0, 0, 0, 0, 0, 0]
B07XBQYM4P	[11, 1, 15, 4, 0, 3, 1, 0, 0, 0]
B0821716PN	[0, 0, 1, 4, 0, 0, 0, 0, 0, 0]
B07X9RVZ67	[0, 0, 0, 0, 0, 0, 0, 0, 0, 0]
B09HQRVX63	[5, 1, 7, 9, 0, 3, 0, 0, 0, 0]
B0787PKL4L	[9, 0, 14, 3, 0, 0, 2, 0, 0, 0]
B075TSRLBM	[1, 0, 2, 1, 0, 0, 0, 0, 0, 0]
B077VZ8QXT	[8, 2, 10, 6, 0, 1, 1, 0, 2, 1]
B0946JGH1G	[1, 0, 3, 3, 0, 0, 0, 0, 0, 0]
B07N79SFPK	[0, 0, 1, 2, 0, 0, 0, 0, 0, 0]
B07R7R441G	[6, 0, 6, 5, 0, 1, 1, 0, 0, 0]
B07T43F3FK	[3, 0, 0, 3, 0, 0, 0, 0, 0, 0]
B08QN7TXR2	[2, 4, 4, 5, 1, 1, 0, 0, 0, 0]
B01N4RQS4F	[0, 0, 0, 0, 0, 0, 0, 0, 0, 0]
B08L8635TD	[0, 0, 2, 2, 0, 0, 0, 0, 0, 0]
B07HCRR9VT	[9, 0, 15, 1, 1, 1, 1, 0, 0, 0]
B08NTG6DVP	[5, 0, 4, 3, 0, 0, 1, 0, 0, 0]
B07ZYWN65K	[2, 0, 1, 6, 0, 0, 0, 0, 0, 1]
B08X9Y4SY2	[5, 1, 9, 2, 0, 0, 1, 1, 0, 1]
B07VPN6NZK	[10, 0, 20, 4, 3, 4, 3, 1, 0, 0]
B07P1MMFRP	[4, 0, 1, 1, 0, 0, 0, 0, 0, 0]
B08DTQK457	[5, 3, 11, 6, 1, 3, 1, 1, 1, 0]
B09D5RKJYD	[0, 1, 0, 0, 0, 0, 0, 0, 0, 0]
B08YKCYW9W	[9, 0, 5, 0, 0, 1, 0, 0, 0, 0]
B0824WC43Z	[12, 4, 10, 16, 1, 0, 1, 0, 0, 0]
B07P2K3F3R	[3, 1, 5, 3, 0, 0, 0, 0, 2, 0]
B07DXG1ZVJ	[3, 2, 9, 1, 0, 1, 0, 0, 0, 1]
B07NGRP71G	[0, 0, 2, 1, 0, 0, 0, 0, 0, 0]
B08Q8DZ66P	[2, 0, 2, 1, 0, 0, 0, 0, 0, 0]
B0859P524N	[2, 0, 7, 6, 0, 0, 0, 0, 0, 0]
B09JRX1SB6	[1, 0, 0, 5, 0, 0, 0, 0, 0, 0]
B093LGGQ1Q	[5, 3, 12, 6, 1, 3, 1, 1, 1, 0]
B09FW15VV8	[4, 0, 5, 2, 0, 2, 1, 1, 0, 0]
B06WWK5PG1	[1, 0, 2, 1, 0, 0, 0, 0, 0, 0]
B07RX8WLGG	[0, 2, 0, 3, 0, 0, 0, 0, 0, 0]
B09NPMSG2N	[8, 6, 19, 8, 1, 3, 4, 1, 1, 0]
B078H4P2FG	[5, 4, 11, 3, 0, 0, 0, 0, 1, 0]
B07PDQ1Q2B	[7, 6, 8, 7, 2, 4, 1, 0, 2, 0]
B07K38CMDR	[6, 0, 7, 1, 0, 2, 1, 0, 0, 0]
B075RPKBVD	[4, 0, 3, 4, 0, 0, 1, 0, 0, 0]
B096VMXLV8	[0, 2, 2, 1, 0, 0, 0, 0, 0, 0]
B09RQ297V5	[0, 0, 0, 2, 0, 1, 0, 0, 0, 0]
B07PRSFKFC	[16, 11, 34, 28, 1, 8, 15, 2, 3, 4]
B01N0F73US	[2, 0, 0, 34, 0, 1, 1, 0, 0, 0]
B07KRVSSZG	[0, 0, 0, 0, 0, 0, 0, 0, 0, 0]
B09TBKCHRS	[1, 0, 0, 28, 1, 0, 1, 0, 0, 0]
B07HPGZ7J1	[4, 0, 12, 5, 0, 3, 0, 0, 0, 0]
B079QWD1R7	[0, 0, 0, 1, 0, 0, 0, 0, 0, 0]
B088FKGDDP	[2, 0, 3, 3, 0, 0, 1, 0, 0, 0]
B08FHT25L5	[0, 0, 0, 0, 0, 0, 0, 0, 0, 0]
B06X6HBQ9J	[11, 1, 46, 6, 3, 3, 4, 1, 1, 0]
B08MFPLYMF	[0, 0, 2, 1, 1, 1, 0, 0, 0, 0]
B07J5B3C6Z	[7, 1, 8, 3, 0, 1, 0, 1, 0, 1]
B07T3HK8YN	[3, 0, 0, 3, 0, 0, 0, 0, 0, 0]
B09NXPFCX7	[0, 2, 2, 4, 0, 1, 1, 0, 1, 0]
B07ZD4P4LK	[5, 0, 3, 2, 0, 0, 0, 0, 0, 0]
B07PX3F7BB	[2, 0, 3, 0, 0, 0, 0, 0, 0, 0]
B07GGVBV53	[7, 1, 8, 3, 0, 1, 0, 1, 0, 1]
B01JTL2PYE	[0, 3, 0, 2, 0, 2, 2, 0, 0, 0]
B07HQVQQQN	[0, 0, 0, 0, 0, 0, 0, 0, 0, 0]
B08R6Q4D42	[0, 1, 0, 0, 0, 0, 0, 0, 0, 0]
B087CL93VX	[5, 1, 7, 9, 0, 3, 0, 0, 0, 0]
B07QXXBL8K	[1, 2, 1, 2, 0, 1, 0, 0, 0, 0]
B07MK5QBNT	[1, 0, 6, 2, 0, 0, 2, 0, 0, 0]
B075F37ZHM	[1, 0, 2, 1, 0, 0, 0, 0, 0, 0]
B07S6568G1	[4, 0, 5, 2, 0, 1, 0, 0, 0, 0]
B0787HK4FN	[0, 0, 0, 0, 0, 0, 0, 0, 0, 0]
B09D29RQVS	[2, 4, 4, 5, 1, 1, 0, 0, 0, 0]
B07NF9GRK5	[0, 0, 2, 1, 0, 0, 0, 0, 0, 0]
B07PSNRPQW	[13, 3, 11, 1, 1, 2, 1, 0, 0, 0]
B07ZKVXT52	[3, 0, 4, 2, 1, 0, 1, 0, 0, 0]
B07L8DK8SC	[1, 0, 1, 2, 0, 1, 1, 0, 0, 0]
B09NNTMTN5	[17, 6, 23, 8, 2, 4, 2, 2, 0, 2]
B09TPZ1TD3	[1, 0, 4, 3, 0, 0, 0, 0, 0, 0]
B09QQTS3JL	[0, 0, 1, 4, 0, 0, 0, 0, 0, 0]
B08BTWTD71	[6, 0, 12, 2, 0, 0, 2, 0, 0, 0]
B07F3PV2MY	[6, 3, 3, 2, 1, 1, 1, 1, 1, 1]
B0859WS7LW	[5, 4, 6, 9, 1, 2, 1, 0, 1, 0]
B08X2394Z5	[3, 0, 3, 12, 0, 3, 2, 1, 0, 0]
B07PYYT541	[0, 0, 0, 0, 0, 0, 0, 0, 0, 0]
B095CGTGHW	[11, 4, 16, 4, 1, 3, 5, 1, 1, 0]
B081VT3KH7	[0, 1, 0, 40, 0, 0, 0, 0, 0, 0]
B07JDTKYWS	[8, 0, 4, 0, 1, 1, 0, 0, 0, 0]
B08WPR6H2W	[7, 0, 2, 7, 0, 1, 1, 1, 0, 0]
B07K2T8K6S	[5, 4, 5, 1, 0, 1, 4, 0, 0, 0]
B08ZNY9FV9	[6, 3, 12, 4, 1, 3, 1, 1, 1, 0]
B0857K23JK	[0, 2, 0, 3, 0, 0, 0, 0, 0, 0]
B07QDZS1G5	[2, 0, 7, 11, 1, 0, 1, 0, 0, 0]
B08NYDP55R	[0, 1, 0, 37, 0, 0, 0, 0, 0, 0]
B09LMN4GP4	[1, 0, 0, 28, 1, 0, 1, 0, 0, 0]
B07H8LXTB5	[0, 0, 1, 1, 0, 1, 0, 0, 0, 0]
B075L8JCF9	[1, 0, 2, 1, 0, 0, 0, 0, 0, 0]
B0872SDHY5	[0, 0, 0, 0, 0, 0, 0, 0, 0, 0]
B08FQQ4MPQ	[21, 18, 14, 7, 2, 2, 0, 0, 0, 0]
B08FZKYC57	[1, 3, 3, 9, 1, 2, 1, 1, 1, 0]
B074NY8FV6	[1, 0, 2, 1, 0, 0, 0, 0, 0, 0]
B085G9WBF5	[3, 0, 4, 2, 1, 0, 1, 0, 0, 0]
B0719P6PL7	[4, 0, 0, 2, 0, 0, 0, 0, 0, 0]
B07T97RWTP	[0, 0, 0, 2, 0, 1, 1, 0, 0, 0]
B07M8GVCPS	[0, 0, 0, 0, 0, 1, 1, 0, 0, 0]
B071NMXSLS	[19, 0, 25, 7, 1, 3, 3, 0, 0, 1]
B08CNK26FL	[0, 1, 2, 3, 0, 0, 0, 0, 0, 0]
B08SMSLNMW	[6, 0, 4, 3, 1, 2, 2, 0, 2, 0]
B06X41Y9JP	[9, 2, 10, 8, 2, 5, 5, 1, 1, 1]
B07YBGBS9N	[4, 2, 4, 1, 0, 1, 0, 0, 0, 0]
B01EIQVFFA	[4, 4, 22, 7, 1, 3, 1, 2, 3, 1]
B08546FNTH	[5, 3, 11, 5, 1, 3, 1, 1, 1, 0]
B07FDLLQ93	[9, 2, 8, 2, 0, 3, 0, 0, 0, 0]
B07NRRNL3F	[0, 0, 0, 3, 0, 0, 0, 0, 0, 0]
B092Y863S3	[1, 0, 3, 3, 0, 0, 0, 0, 0, 0]
B092WVGHVX	[1, 0, 3, 3, 0, 0, 0, 0, 0, 0]
B07W18L6Z5	[10, 0, 10, 8, 2, 4, 5, 1, 0, 0]
B098T4GBZS	[0, 2, 5, 3, 0, 2, 3, 1, 1, 0]
B07MVX3TJT	[0, 1, 0, 1, 0, 1, 0, 1, 0, 0]
B07FZ534W5	[2, 0, 1, 2, 0, 3, 0, 0, 0, 0]
B07MJ79875	[0, 0, 0, 0, 0, 0, 0, 0, 0, 0]
B07FK56GVY	[7, 10, 18, 4, 1, 4, 3, 2, 4, 1]
B09BJ8K35N	[17, 6, 18, 3, 1, 6, 5, 6, 5, 1]
B06ZZPS7BN	[8, 0, 20, 2, 0, 1, 2, 0, 1, 0]
B07PV9YR2T	[2, 0, 9, 1, 0, 0, 0, 0, 0, 0]
B07K8X2TJ4	[0, 0, 4, 1, 0, 0, 0, 0, 0, 0]
B07K494YHB	[0, 0, 0, 2, 0, 1, 1, 0, 0, 0]
B084MFN5TK	[0, 0, 2, 3, 0, 0, 0, 0, 0, 0]
B07NPP31GP	[0, 0, 0, 0, 0, 0, 0, 0, 0, 0]
B07TMFQ1ZK	[0, 0, 2, 5, 0, 0, 0, 0, 0, 0]
B09QT1MZSX	[0, 0, 1, 3, 0, 0, 0, 0, 0, 0]
B08BS2BZXL	[17, 6, 18, 3, 1, 6, 5, 6, 5, 1]
B0853CSZ5N	[0, 1, 1, 4, 0, 0, 1, 0, 0, 0]
B085LHW15F	[0, 2, 0, 3, 0, 0, 0, 0, 0, 0]
B07M8DVF46	[4, 0, 11, 3, 0, 3, 0, 0, 0, 0]
B07QW461FK	[3, 0, 1, 4, 0, 1, 0, 0, 0, 0]
B0946YXRH8	[0, 0, 1, 3, 0, 0, 0, 0, 0, 0]
B07Y2B95T5	[8, 0, 8, 5, 0, 1, 1, 0, 0, 0]
B0829QXVTN	[0, 0, 0, 6, 0, 0, 0, 0, 0, 0]
B07QJ1BJLC	[4, 2, 1, 13, 0, 0, 0, 0, 0, 0]
B08MQC384C	[1, 1, 1, 3, 0, 0, 0, 0, 1, 0]
B07MWHB9SD	[2, 0, 3, 2, 0, 0, 0, 1, 1, 0]
B089H25957	[0, 0, 0, 2, 0, 1, 1, 0, 0, 0]
B07GDCJ526	[0, 0, 0, 0, 0, 0, 0, 0, 0, 0]
B08NGKX3SH	[7, 2, 7, 6, 0, 5, 2, 0, 0, 2]
B088KPSK7K	[5, 0, 2, 6, 0, 1, 0, 0, 0, 0]
B07GZ11RGR	[4, 4, 13, 5, 0, 2, 0, 1, 0, 0]
B08D6Z7GP6	[1, 0, 2, 1, 0, 0, 0, 0, 0, 0]
B07PGKK416	[0, 0, 0, 0, 0, 0, 0, 0, 0, 0]
B08JCC8W56	[3, 0, 4, 2, 1, 0, 1, 0, 0, 0]
B08GNDXWLV	[3, 0, 4, 3, 1, 0, 1, 0, 0, 0]
B07ZS986HK	[3, 4, 2, 1, 0, 0, 0, 0, 0, 0]
B09MZT5XV2	[0, 0, 1, 0, 0, 0, 0, 0, 0, 0]
B083P661BW	[13, 9, 16, 25, 3, 5, 0, 5, 1, 0]
B07YSRTQ27	[2, 1, 0, 2, 0, 0, 0, 0, 0, 0]
B087V62G2L	[0, 1, 0, 0, 0, 0, 0, 0, 0, 0]
B08CY9PR8D	[0, 0, 0, 0, 0, 0, 0, 0, 0, 0]
B07PNGPWP3	[1, 0, 0, 2, 0, 1, 1, 0, 0, 0]
B08V43RRHZ	[2, 0, 4, 1, 0, 1, 0, 0, 0, 0]
B07RMYGPL1	[0, 0, 0, 3, 0, 0, 0, 0, 0, 0]
B07KSGWBG2	[0, 0, 0, 2, 0, 1, 1, 0, 0, 0]
B074PDF3ZY	[1, 1, 2, 6, 0, 1, 0, 0, 0, 0]
B092X12L4B	[1, 0, 3, 3, 0, 0, 0, 0, 0, 0]
B084RHC951	[4, 3, 12, 3, 1, 1, 0, 1, 2, 1]
B07CTP81N8	[5, 3, 11, 3, 1, 3, 1, 1, 1, 0]
B07G2GKN2B	[6, 0, 4, 4, 1, 2, 2, 1, 0, 0]
B077D2GY1Z	[7, 0, 16, 9, 1, 6, 3, 0, 0, 0]
B08SMDZYPB	[3, 0, 4, 2, 1, 0, 1, 0, 0, 0]
B08MFRY391	[3, 0, 3, 12, 0, 3, 2, 1, 0, 0]
B08BP75967	[17, 6, 18, 3, 1, 6, 5, 6, 5, 1]
B08LP2MXRK	[3, 1, 4, 1, 0, 0, 2, 1, 0, 0]
B08R1GM8LM	[9, 5, 15, 9, 1, 3, 2, 1, 1, 0]
B07VVKGZH4	[1, 0, 3, 7, 0, 1, 0, 0, 0, 0]
B01LXQXW3G	[1, 0, 2, 1, 0, 0, 0, 0, 0, 0]
B01M4QGP3C	[4, 4, 22, 7, 1, 3, 1, 2, 3, 1]
B07CJ37YHB	[1, 0, 2, 1, 0, 0, 0, 0, 0, 0]
B07YNQHCRD	[0, 0, 1, 0, 0, 0, 0, 0, 0, 0]
B093LFKXMJ	[7, 1, 23, 8, 2, 3, 1, 0, 2, 0]
B088NJP38V	[16, 6, 42, 17, 3, 4, 3, 2, 2, 3]
B07L8WDSH8	[0, 0, 0, 0, 0, 0, 0, 0, 0, 0]
B07FKZD276	[16, 2, 6, 13, 1, 1, 4, 0, 0, 0]
B09FD6LB8D	[9, 1, 8, 4, 1, 0, 1, 0, 0, 0]
B0966GXSN7	[9, 0, 5, 6, 0, 1, 2, 1, 0, 0]
B01EIQSPOY	[17, 4, 17, 10, 1, 2, 2, 0, 1, 1]
B08BFVSDJG	[19, 2, 12, 4, 0, 5, 1, 1, 0, 0]
B08QLY34RV	[0, 0, 0, 1, 0, 0, 0, 0, 0, 0]
B08L6Y29BG	[4, 1, 4, 3, 0, 0, 1, 0, 0, 0]
B0837V2BTD	[13, 3, 7, 3, 0, 1, 0, 0, 1, 0]
B07RZ4DZBK	[0, 0, 0, 2, 0, 0, 1, 1, 0, 0]
B08XQNKBSH	[0, 0, 0, 0, 0, 0, 0, 0, 0, 0]
B06XZH3FJZ	[1, 0, 2, 1, 0, 0, 0, 0, 0, 0]
B09HMHSYPY	[10, 0, 6, 6, 0, 1, 1, 0, 1, 0]
B07V1G7M15	[0, 0, 1, 2, 0, 0, 0, 0, 0, 0]
B07QCCZRH6	[4, 0, 12, 5, 0, 3, 0, 0, 0, 0]
B07ZT1VTVS	[1, 0, 4, 5, 1, 2, 2, 0, 0, 1]
B07QNZNWC8	[2, 0, 7, 11, 1, 0, 1, 0, 0, 0]
B07ZB1352N	[3, 3, 5, 23, 0, 4, 0, 1, 2, 1]
B07L5QPGR9	[1, 0, 2, 1, 0, 0, 0, 0, 0, 0]
B07N7FLX51	[12, 2, 14, 3, 0, 1, 0, 0, 0, 0]
B09TWYJFTM	[0, 0, 0, 0, 0, 0, 0, 0, 0, 0]
B09CPRBBKR	[1, 0, 1, 0, 0, 0, 1, 0, 0, 0]
B07P7HVKCG	[10, 4, 16, 3, 0, 1, 0, 2, 0, 0]
B09643HHVS	[5, 3, 11, 4, 1, 3, 1, 1, 1, 0]
B08XB5L86M	[5, 3, 11, 4, 1, 3, 1, 1, 1, 0]
B07H8L38H3	[27, 13, 25, 226, 4, 4, 8, 7, 3, 2]
B084TYM6FZ	[5, 3, 11, 9, 1, 3, 1, 1, 1, 1]
B08WYHJ319	[3, 0, 3, 12, 0, 3, 2, 1, 0, 0]
B07GQRBVRN	[41, 5, 40, 30, 1, 8, 1, 0, 3, 0]
B07SZ3XJ88	[3, 0, 0, 3, 0, 0, 0, 0, 0, 0]
B08PYD8ZP5	[8, 1, 15, 4, 0, 4, 0, 0, 0, 0]
B07QQH2FWM	[2, 0, 7, 11, 1, 0, 1, 0, 0, 0]
B09LHZ37VM	[3, 0, 5, 2, 1, 0, 1, 0, 0, 0]
B07L14M987	[0, 0, 0, 1, 0, 0, 0, 0, 0, 0]
B07JJV13G3	[21, 22, 19, 9, 0, 1, 0, 0, 0, 0]
B07PN53JT3	[0, 0, 0, 0, 0, 0, 0, 0, 0, 0]
B08F2G67QB	[3, 4, 12, 6, 2, 1, 0, 0, 1, 2]
B07HRTBPCK	[8, 0, 2, 2, 0, 0, 0, 0, 0, 0]
B0959LFJ72	[2, 4, 4, 5, 1, 1, 0, 0, 0, 0]
B01HCB4Y5Q	[9, 0, 15, 4, 0, 0, 2, 1, 0, 0]
B07G499VCZ	[20, 3, 15, 6, 0, 1, 0, 1, 0, 0]
B09HY1V7HK	[5, 1, 7, 9, 0, 3, 0, 0, 0, 0]
B07SJ8NK19	[3, 0, 0, 3, 0, 0, 0, 0, 0, 0]
B086H19T2X	[5, 1, 7, 9, 0, 3, 0, 0, 0, 0]
B09KSXHXV3	[0, 0, 1, 1, 0, 0, 1, 0, 0, 0]
B08V36RRYS	[2, 4, 4, 5, 1, 1, 0, 0, 0, 0]
B08Z8DB4YG	[17, 6, 18, 3, 1, 6, 5, 6, 5, 1]
B07Z65FJ23	[6, 0, 13, 4, 0, 0, 3, 0, 0, 0]
B07JBBBL2J	[5, 1, 3, 7, 0, 0, 0, 1, 0, 0]
B093GY6MPB	[0, 0, 0, 0, 0, 0, 0, 0, 0, 0]
B09JGRK25F	[1, 0, 0, 0, 0, 0, 0, 0, 0, 0]
B08HVD5ZZJ	[2, 4, 4, 5, 1, 1, 0, 0, 0, 0]
B08BPFW6BC	[3, 0, 20, 16, 2, 2, 3, 0, 0, 0]
B07B9QMTFQ	[4, 0, 0, 1, 0, 0, 0, 0, 0, 0]
B07YM2MDK3	[2, 0, 7, 6, 0, 0, 0, 0, 0, 0]
B07T3HXPRS	[3, 0, 9, 4, 0, 1, 1, 0, 0, 0]
B08QW936P5	[2, 4, 4, 5, 1, 1, 0, 0, 0, 0]
B09PNQWSRW	[0, 0, 0, 1, 0, 0, 0, 0, 0, 0]
B082BGZG15	[11, 3, 11, 3, 0, 0, 2, 1, 0, 1]
B08HSDW4V3	[2, 4, 4, 5, 1, 1, 0, 0, 0, 0]
B08BCRTB33	[0, 1, 0, 0, 0, 0, 0, 0, 0, 0]
B0731LJ4L9	[0, 0, 0, 19, 0, 0, 0, 0, 0, 0]
B08N5BW1H9	[5, 0, 3, 2, 0, 0, 0, 0, 0, 0]
B08BFV8BC8	[19, 2, 12, 4, 0, 5, 1, 1, 0, 0]
B075JB58NC	[1, 0, 2, 1, 0, 0, 0, 0, 0, 0]
B08SHK5CGY	[5, 3, 11, 3, 1, 3, 1, 1, 1, 0]
B07Z5JJ5SP	[0, 0, 0, 3, 0, 0, 0, 0, 0, 0]
B07WRS58M1	[1, 0, 3, 0, 0, 0, 0, 0, 0, 0]
B08X4WPMM5	[0, 0, 2, 0, 0, 0, 0, 0, 0, 0]
B07JMM35CJ	[1, 0, 2, 1, 0, 0, 0, 0, 0, 0]
B079KTHX79	[2, 0, 5, 2, 0, 1, 0, 0, 0, 0]
B092WBH6Y3	[1, 0, 3, 3, 0, 0, 0, 0, 0, 0]
B09MW7VNKV	[2, 4, 4, 5, 1, 1, 0, 0, 0, 0]
B0897R6XB1	[0, 0, 0, 2, 0, 0, 0, 0, 0, 0]
B07TFDRB34	[10, 3, 10, 3, 1, 1, 0, 0, 2, 1]
B08QSC6Q6H	[0, 0, 2, 11, 1, 2, 0, 0, 0, 1]
B0868Z538C	[4, 0, 7, 3, 1, 1, 2, 0, 0, 0]
B01N1ZVI7M	[11, 0, 20, 4, 3, 4, 3, 1, 0, 0]
B07VBP5GSC	[6, 0, 3, 7, 0, 2, 1, 0, 0, 0]
B07H3D1GT4	[6, 0, 10, 7, 0, 2, 1, 1, 0, 0]
B01JP8EOCW	[3, 5, 13, 10, 2, 1, 2, 2, 2, 1]
B07JZJN4W1	[3, 6, 16, 4, 0, 2, 3, 1, 2, 1]
B086QVR2NZ	[5, 1, 7, 9, 0, 3, 0, 0, 0, 0]
B09BCV4441	[8, 0, 8, 2, 2, 1, 1, 0, 0, 0]
B08Q8DC34F	[2, 0, 2, 1, 0, 0, 0, 0, 0, 0]
B01HBI4FIQ	[11, 2, 7, 11, 0, 1, 2, 2, 0, 0]
B09FFLKTJK	[0, 0, 1, 0, 0, 0, 1, 0, 0, 0]
B087HFC8C4	[0, 0, 0, 2, 0, 0, 0, 0, 0, 0]
B07MW75XS4	[0, 0, 0, 0, 0, 0, 0, 0, 0, 0]
B08W3YH8RQ	[3, 4, 3, 3, 1, 1, 0, 2, 1, 0]
B07SV57CSY	[3, 0, 0, 3, 0, 0, 0, 0, 0, 0]
B09K4HY3MV	[1, 0, 0, 29, 1, 0, 1, 0, 0, 0]
B08D9MWRNP	[11, 4, 22, 3, 0, 0, 2, 1, 0, 0]
B08L3VXY6G	[0, 1, 1, 1, 1, 0, 0, 0, 0, 0]
B075F7FMRM	[3, 3, 5, 3, 0, 0, 0, 0, 1, 1]
B08FTJ8TX7	[2, 4, 4, 5, 1, 1, 0, 0, 0, 0]
B092FSC22Q	[2, 4, 4, 5, 1, 1, 0, 0, 0, 0]
B075VHSBTL	[6, 2, 6, 1, 1, 3, 3, 0, 2, 1]
B09BHTNCY5	[2, 4, 4, 5, 1, 1, 0, 0, 0, 0]
B08PFW8DTV	[6, 0, 5, 2, 1, 1, 0, 0, 0, 0]
B07PQT49B8	[3, 0, 1, 1, 0, 0, 0, 0, 0, 0]
B096MF2RCC	[4, 0, 9, 1, 1, 0, 1, 0, 0, 0]
B077Y3WHYQ	[0, 0, 5, 4, 0, 0, 1, 0, 0, 0]
B09JMRS7CY	[8, 5, 15, 8, 1, 3, 5, 1, 1, 0]
B08FTGYRGR	[0, 0, 0, 0, 0, 0, 0, 0, 0, 0]
B09HCVW3VG	[3, 0, 4, 2, 1, 0, 1, 0, 0, 0]
B09RMG87ZY	[0, 1, 0, 1, 0, 0, 0, 0, 0, 0]
B07H8KH9M9	[0, 0, 0, 0, 0, 0, 0, 0, 0, 0]
B0875KVMK6	[16, 3, 29, 9, 2, 1, 8, 0, 0, 0]
B09ML1P3RN	[5, 4, 10, 9, 0, 2, 1, 1, 0, 0]
B096WDLZ8S	[2, 4, 4, 5, 1, 1, 0, 0, 0, 0]
B097BJJC2J	[2, 1, 0, 2, 0, 1, 2, 0, 0, 0]
B0829BL9D9	[11, 1, 15, 8, 1, 2, 6, 2, 0, 0]
B09QGZJ2ZB	[2, 3, 10, 5, 0, 2, 2, 1, 0, 0]
B083P28DK8	[2, 2, 7, 1, 1, 0, 0, 1, 0, 1]
B097CGL2RG	[1, 0, 3, 1, 0, 1, 0, 0, 0, 0]
B07NVT7LJ9	[26, 3, 67, 20, 4, 5, 14, 2, 3, 0]
B09BGBG2QK	[0, 0, 0, 1, 0, 0, 0, 0, 0, 0]
B094MB3KYW	[2, 4, 4, 5, 1, 1, 0, 0, 0, 0]
B08M496VGB	[0, 0, 0, 2, 0, 0, 0, 0, 0, 0]
B08YBX1RBF	[1, 0, 3, 3, 0, 0, 0, 0, 0, 0]
B07FZX1N5S	[14, 3, 16, 36, 2, 1, 2, 3, 1, 1]
B07LC5GYNY	[0, 0, 0, 0, 0, 0, 0, 0, 0, 0]
B07D4M6Z1Y	[0, 0, 2, 1, 0, 0, 0, 0, 0, 0]
B08D6YTKLW	[1, 0, 2, 1, 0, 0, 0, 0, 0, 0]
B08RDW2ZBY	[5, 0, 3, 2, 0, 0, 0, 0, 0, 0]
B083LG414V	[4, 2, 1, 13, 0, 0, 0, 0, 0, 0]
B07TL1C92F	[6, 6, 17, 3, 0, 1, 0, 0, 0, 0]
B01N6QUAXX	[6, 0, 6, 2, 0, 1, 1, 0, 0, 0]
B07T91F8R6	[3, 0, 0, 3, 0, 0, 0, 0, 0, 0]
B089NYY4S7	[2, 0, 7, 6, 0, 0, 0, 0, 0, 0]
B07MK8MB82	[0, 0, 0, 1, 0, 0, 0, 0, 0, 0]
B08NK82ZJX	[3, 0, 4, 3, 1, 0, 1, 0, 0, 0]
B0794BPX9T	[15, 5, 15, 15, 1, 4, 1, 1, 1, 1]
B093DKGYQF	[3, 0, 6, 1, 0, 0, 1, 1, 0, 0]
B09QD2HQCS	[4, 6, 4, 3, 0, 1, 0, 0, 0, 0]
B07G6Z93MH	[3, 1, 7, 3, 0, 3, 0, 1, 0, 0]
B07586HT1C	[1, 0, 2, 1, 0, 0, 0, 0, 0, 0]
B087RQKY7G	[0, 0, 0, 0, 0, 0, 0, 0, 0, 0]
B08RP66X5V	[1, 0, 1, 0, 0, 0, 1, 0, 0, 0]
B082J7C31T	[0, 0, 1, 0, 1, 1, 0, 0, 1, 1]
B01JTQCD3W	[0, 0, 2, 0, 0, 0, 0, 0, 0, 0]
B084H3DZBN	[6, 0, 2, 1, 1, 4, 2, 1, 1, 0]
B09JZV7HX8	[11, 2, 9, 3, 0, 0, 3, 0, 0, 0]
B0818DBMYS	[5, 1, 7, 7, 0, 1, 1, 0, 0, 0]
B07Q3STFB6	[1, 0, 0, 0, 0, 0, 0, 0, 0, 0]
B083V617XT	[0, 0, 0, 2, 0, 0, 0, 0, 0, 0]
B09CLMFKGC	[5, 3, 17, 8, 1, 2, 4, 1, 1, 1]
B09BB3JH5N	[5, 3, 6, 3, 1, 5, 2, 1, 2, 0]
B09DG5HQ3K	[8, 6, 17, 6, 1, 3, 5, 1, 1, 0]
B07QLWW5B9	[15, 0, 7, 9, 2, 2, 2, 0, 0, 0]
B07978G5WP	[15, 3, 18, 2, 2, 3, 3, 0, 0, 0]
B09JZSFFHX	[11, 2, 9, 3, 0, 0, 3, 0, 0, 0]
B089MFBHZ9	[1, 0, 1, 1, 0, 2, 1, 0, 0, 0]
B07BVJDF6B	[0, 1, 1, 1, 0, 0, 0, 1, 0, 0]
B07ZT5VDT8	[5, 0, 2, 1, 0, 0, 0, 1, 0, 0]
B08FJ85728	[8, 4, 17, 10, 0, 1, 2, 0, 0, 1]
B07N3PRRLX	[0, 0, 0, 0, 0, 0, 0, 0, 0, 0]
B07JVD5BGS	[2, 0, 1, 0, 0, 1, 1, 0, 0, 0]
B07KBCTHWM	[0, 0, 0, 0, 0, 0, 0, 0, 0, 0]
B07PGQ49HP	[0, 0, 3, 1, 0, 0, 0, 0, 0, 0]
B06ZZ2NQW4	[3, 1, 7, 2, 0, 2, 0, 0, 1, 0]
B01MTY7Z5L	[10, 1, 5, 5, 0, 3, 1, 3, 0, 2]
B08WXGP16H	[5, 2, 2, 3, 0, 1, 0, 0, 0, 0]
B08W21ZK3Y	[14, 2, 11, 1, 1, 2, 1, 0, 0, 0]
B092JRY4FL	[1, 0, 2, 1, 0, 0, 0, 0, 0, 0]
B08C6TW9YB	[0, 0, 0, 3, 0, 0, 0, 0, 0, 0]
B08WZ6R8KZ	[3, 0, 3, 12, 0, 3, 2, 1, 0, 0]
B077PML4M8	[0, 0, 0, 0, 0, 0, 0, 0, 0, 0]
B0797KRYLB	[1, 0, 2, 1, 0, 0, 0, 0, 0, 0]
B078WTXRV3	[2, 0, 5, 2, 0, 1, 0, 0, 0, 0]
B074YV4VJ3	[1, 0, 2, 1, 0, 0, 0, 0, 0, 0]
B09PNWFVCY	[0, 0, 0, 1, 0, 0, 0, 0, 0, 0]
B09SL15K4Z	[6, 0, 4, 3, 0, 2, 1, 0, 0, 0]
B08HVC2WDF	[5, 0, 5, 0, 0, 0, 1, 0, 0, 0]
B092YLFGK4	[1, 0, 3, 3, 0, 0, 0, 0, 0, 0]
B07N8NNMWL	[8, 6, 9, 6, 1, 3, 1, 0, 2, 0]
B06Y3TBYHJ	[1, 0, 2, 1, 0, 0, 0, 0, 0, 0]
B07K7X7JFP	[4, 0, 7, 3, 0, 0, 3, 0, 0, 0]
B08L8B82H7	[0, 0, 3, 1, 0, 0, 0, 0, 0, 0]
B08JH2XWG5	[7, 1, 17, 2, 0, 2, 1, 2, 0, 1]
B07VM4HGZ2	[5, 3, 14, 3, 1, 3, 1, 0, 0, 0]
B07B8ZB8MV	[5, 0, 9, 2, 1, 0, 0, 0, 0, 0]
B083TMKWWH	[4, 3, 11, 5, 1, 3, 1, 1, 1, 0]
B07Z8BSP79	[0, 0, 0, 3, 0, 0, 0, 0, 0, 0]
B07LCV77TX	[6, 0, 4, 4, 1, 2, 2, 1, 0, 0]
B077K659KM	[27, 6, 15, 11, 0, 2, 0, 0, 2, 0]
B07PZJTG2H	[1, 0, 2, 2, 0, 0, 0, 0, 0, 0]
B08BFVMFRS	[19, 2, 12, 3, 0, 5, 1, 1, 0, 0]
B06XKZGP59	[3, 2, 4, 5, 0, 1, 1, 0, 0, 0]
B087N9T32X	[0, 1, 0, 0, 0, 0, 0, 0, 0, 0]
B01N0D97FZ	[0, 1, 0, 1, 0, 0, 0, 0, 0, 0]
B08D6YJHY3	[1, 0, 2, 1, 0, 0, 0, 0, 0, 0]
B0923CWX4M	[0, 3, 9, 3, 1, 2, 1, 1, 1, 0]
B0969SQWLS	[5, 3, 11, 3, 1, 3, 1, 1, 1, 0]
B07P8SHSXR	[3, 0, 10, 1, 0, 2, 1, 0, 1, 0]
B089YQ47FY	[3, 0, 1, 0, 0, 0, 0, 0, 0, 0]
B08V5J8KFB	[0, 1, 0, 49, 0, 0, 0, 0, 0, 0]
B07MQ7F4W1	[0, 0, 0, 1, 0, 0, 0, 0, 0, 0]
B08L3JYSVH	[12, 5, 2, 3, 1, 2, 0, 0, 0, 0]
B0774QZW5S	[5, 14, 18, 5, 0, 7, 2, 2, 2, 1]
B0856VWKPS	[17, 6, 18, 3, 1, 6, 5, 6, 5, 1]
B09JZV2KPD	[11, 2, 9, 3, 0, 0, 3, 0, 0, 0]
B08373HDRT	[5, 3, 11, 4, 1, 3, 1, 1, 1, 0]
B07GBF6TRJ	[6, 0, 4, 4, 1, 2, 2, 1, 0, 0]
B09JKYCB6Q	[0, 0, 1, 0, 0, 0, 0, 0, 0, 0]
B08BFSV8BR	[19, 2, 12, 5, 0, 4, 1, 1, 0, 0]
B07QB7JP5X	[5, 3, 11, 2, 1, 3, 1, 1, 1, 0]
B07MVK747X	[0, 0, 0, 2, 0, 1, 1, 0, 0, 0]
B08Q8QSFFN	[2, 4, 4, 5, 1, 1, 0, 0, 0, 0]
B07QQRK352	[3, 0, 5, 1, 3, 2, 2, 0, 0, 1]
B07CYVVZ35	[13, 6, 10, 6, 2, 3, 3, 3, 2, 0]
B093X6CJ6Q	[0, 1, 0, 0, 0, 0, 0, 0, 0, 0]
B075W764W4	[1, 0, 2, 1, 0, 0, 0, 0, 0, 0]
B08Z9JL46L	[17, 6, 18, 3, 1, 6, 5, 6, 5, 1]
B07LGCL4N4	[0, 0, 0, 0, 0, 0, 0, 0, 0, 0]
B09GY7NXBV	[10, 0, 6, 6, 0, 1, 1, 0, 1, 0]
B084KWKRH3	[5, 3, 11, 8, 1, 3, 1, 1, 1, 1]
B09S5PMVFJ	[6, 1, 5, 2, 2, 0, 1, 1, 0, 0]
B077GCRH7M	[7, 0, 3, 23, 6, 4, 3, 0, 0, 6]
B082Y1YRV3	[6, 0, 4, 4, 1, 2, 2, 1, 0, 0]
B07VYXY7JW	[0, 0, 1, 0, 0, 0, 0, 0, 0, 0]
B079WY54NQ	[4, 2, 5, 6, 0, 2, 2, 0, 1, 0]
B07RVD8T7X	[1, 0, 2, 1, 0, 0, 0, 0, 0, 0]
B09KSV9H82	[0, 0, 1, 1, 0, 0, 1, 0, 0, 0]
B091FN6BSP	[0, 0, 0, 0, 0, 0, 0, 0, 0, 0]
B083G8T8FG	[0, 0, 0, 0, 0, 0, 0, 0, 0, 0]
B09BR9PY3X	[0, 0, 0, 1, 0, 0, 0, 0, 0, 0]
B08NF3LNJH	[0, 5, 1, 13, 0, 0, 0, 0, 0, 0]
B077C124W3	[1, 0, 2, 1, 0, 0, 0, 0, 0, 0]
B08Q8FHSFT	[2, 0, 2, 1, 0, 0, 0, 0, 0, 0]
B07MQ63WCJ	[3, 1, 2, 0, 0, 0, 2, 1, 0, 0]
B095DYHD9S	[5, 3, 10, 4, 1, 4, 1, 1, 1, 0]
B07Q29MFYP	[7, 2, 2, 6, 0, 1, 1, 0, 1, 1]
B09F9R89F3	[0, 0, 0, 0, 0, 0, 0, 0, 0, 0]
B08F6WG2QT	[5, 3, 14, 4, 1, 3, 1, 1, 1, 0]
B088P35JK9	[13, 4, 16, 7, 3, 6, 5, 1, 2, 1]
B08QV7L3HJ	[5, 3, 11, 3, 1, 3, 1, 1, 1, 0]
B08VW7T17Z	[3, 0, 8, 2, 0, 0, 0, 0, 0, 0]
B08P3NH9TB	[3, 0, 4, 2, 1, 0, 1, 0, 0, 0]
B089LPBTT4	[0, 0, 0, 0, 0, 0, 0, 0, 0, 0]
B092Y256YK	[1, 0, 3, 3, 0, 0, 0, 0, 0, 0]
B09HL7MXW3	[5, 3, 12, 7, 1, 3, 1, 1, 1, 0]
B08D6YSNSH	[1, 0, 2, 1, 0, 0, 0, 0, 0, 0]
B09R2J1FX3	[0, 1, 0, 0, 0, 0, 0, 0, 0, 0]
B07HG3PXXG	[4, 0, 12, 5, 0, 3, 0, 0, 0, 0]
B09MSNCKCV	[2, 0, 3, 2, 0, 0, 0, 0, 0, 0]
B08NXSPHN2	[3, 0, 4, 2, 1, 0, 1, 0, 0, 0]
B0893NZ352	[18, 4, 28, 21, 0, 4, 1, 3, 0, 2]
B08Q4FNMKH	[3, 0, 5, 2, 1, 0, 1, 0, 0, 0]
B07X3JG3HQ	[1, 0, 2, 0, 0, 0, 0, 0, 0, 0]
B07CGQY5FN	[0, 0, 0, 1, 0, 0, 0, 0, 0, 0]
B07NXWDFPF	[0, 0, 0, 2, 0, 0, 0, 0, 0, 0]
B08P6M3GN3	[3, 0, 8, 2, 0, 0, 0, 0, 0, 0]
B075SXLYJT	[4, 0, 3, 4, 0, 0, 1, 0, 0, 0]
B07K4QP56X	[0, 0, 0, 3, 0, 0, 0, 0, 0, 0]
B08FW3MC6Q	[3, 0, 9, 1, 1, 1, 0, 0, 0, 0]
B07G94T74L	[2, 0, 2, 0, 0, 0, 1, 0, 0, 0]
B07MMTSNNG	[0, 0, 0, 2, 0, 1, 1, 0, 0, 0]
B07WSRXWNH	[7, 1, 0, 1, 0, 0, 1, 1, 0, 0]
B07P5QCSLT	[3, 4, 9, 3, 1, 2, 1, 1, 0, 1]
B07T4NWCFN	[4, 3, 3, 6, 0, 1, 0, 0, 0, 0]
B07NQDZS5D	[14, 4, 11, 1, 1, 2, 1, 0, 0, 0]
B07DLN96M7	[2, 0, 1, 3, 2, 0, 0, 0, 0, 0]
B07PF92SHR	[0, 0, 0, 0, 0, 0, 0, 0, 0, 0]
B09CZCB7L1	[2, 4, 4, 5, 1, 1, 0, 0, 0, 0]
B08FZDSF7T	[5, 3, 11, 4, 1, 3, 1, 1, 1, 0]
B07P5FPDSG	[0, 0, 0, 0, 0, 0, 0, 0, 0, 0]
B09FT7JBJ9	[2, 0, 0, 1, 0, 1, 0, 0, 0, 0]
B08DZBVL1R	[1, 2, 3, 0, 0, 0, 0, 0, 0, 0]
B09KTB2F4C	[0, 0, 1, 1, 0, 0, 1, 0, 0, 0]
B07P5G9HJV	[0, 0, 1, 2, 0, 0, 0, 0, 0, 0]
B07HWX6K1B	[6, 0, 4, 4, 1, 2, 2, 1, 0, 0]
B08YNXHNR7	[1, 0, 1, 1, 0, 1, 0, 0, 0, 0]
B09F3LV59S	[15, 6, 28, 8, 2, 6, 7, 1, 1, 0]
B093VGTDWB	[6, 0, 2, 1, 1, 4, 2, 1, 1, 0]
B087JFCHSL	[0, 0, 0, 0, 0, 0, 0, 0, 0, 0]
B08F38X1FT	[8, 3, 15, 25, 0, 3, 4, 2, 15, 1]
B08BPBC6B8	[2, 0, 7, 6, 0, 0, 0, 0, 0, 0]
B075W74Z7V	[1, 0, 2, 1, 0, 0, 0, 0, 0, 0]
B07SLVCSFS	[1, 0, 1, 2, 0, 0, 1, 0, 0, 0]
B07GNV241D	[0, 1, 1, 0, 0, 0, 0, 0, 0, 0]
