B08XTVRWBM	[0, 3, 5, 3, 0, 3, 1, 1, 1, 0]
B09NC1265F	[3, 0, 9, 5, 0, 0, 1, 0, 0, 0]
B07STM2KGL	[3, 1, 8, 14, 1, 2, 1, 1, 1, 0]
B017OBYNZU	[0, 0, 1, 0, 0, 0, 0, 0, 0, 0]
B07BLTCKRY	[0, 0, 0, 0, 0, 0, 0, 0, 0, 0]
B08P7GGXM3	[2, 6, 15, 9, 0, 2, 2, 1, 3, 0]
B081B3JPNH	[3, 0, 5, 2, 0, 1, 0, 0, 0, 0]
B07G4B6WL4	[0, 0, 0, 1, 0, 0, 0, 0, 0, 0]
B095PHZ139	[3, 0, 4, 2, 1, 0, 1, 0, 0, 0]
B08NJFYP46	[4, 0, 7, 1, 0, 0, 1, 0, 0, 0]
B0868QJ9JD	[2, 3, 9, 0, 0, 0, 0, 0, 0, 0]
B075KY8LPR	[1, 0, 2, 1, 0, 0, 0, 0, 0, 0]
B09HQQY8V4	[0, 2, 5, 0, 1, 0, 0, 0, 0, 0]
B08Q7ZV79K	[2, 0, 1, 2, 0, 3, 0, 0, 0, 0]
B07DNZ28L9	[0, 4, 6, 1, 0, 1, 0, 0, 0, 1]
B0987Q3XF8	[3, 0, 5, 2, 1, 0, 1, 0, 0, 0]
B081V4KBG6	[7, 0, 11, 1, 1, 0, 1, 0, 1, 0]
B07ZFLHVMJ	[2, 0, 7, 1, 0, 1, 0, 1, 0, 0]
B07H7PL8J5	[2, 0, 3, 2, 0, 0, 0, 1, 1, 0]
B07WP4N2NK	[1, 3, 3, 1, 1, 2, 1, 2, 2, 0]
B07K4Q4M99	[1, 0, 0, 3, 0, 0, 0, 0, 0, 0]
B075V2PX4Z	[1, 0, 2, 1, 0, 0, 0, 0, 0, 0]
B072ML3N6K	[17, 3, 35, 11, 1, 2, 1, 4, 2, 2]
B07YMZ94BV	[2, 0, 0, 6, 0, 0, 0, 4, 0, 2]
B086H3J7RR	[0, 0, 0, 2, 0, 1, 1, 0, 0, 0]
B086MSHFLV	[5, 1, 7, 9, 0, 3, 0, 0, 0, 0]
B0881N8B8M	[3, 0, 5, 2, 1, 0, 1, 0, 0, 0]
B07B9V7L7G	[2, 0, 2, 0, 0, 0, 1, 0, 0, 0]
B088BLWYKJ	[3, 0, 5, 2, 1, 0, 1, 0, 0, 0]
B0987S1K5W	[7, 3, 33, 0, 0, 2, 3, 0, 0, 1]
B07YPSBWL3	[23, 7, 20, 14, 1, 3, 6, 2, 2, 1]
B075L35YDY	[1, 0, 2, 1, 0, 0, 0, 0, 0, 0]
B07B2YDVN2	[1, 0, 0, 1, 0, 0, 0, 0, 0, 0]
B06XWNGRRL	[4, 6, 3, 3, 2, 2, 2, 6, 3, 0]
B01BI9JO1W	[0, 0, 0, 0, 0, 0, 0, 0, 0, 0]
B07NLDHP1G	[0, 0, 0, 0, 0, 0, 0, 0, 0, 0]
B08MF1WGWG	[7, 0, 2, 2, 0, 2, 2, 0, 0, 0]
B07GVK9FQW	[2, 1, 8, 1, 0, 2, 0, 1, 0, 0]
B082C3NZ24	[2, 0, 0, 11, 0, 0, 0, 0, 0, 0]
B088BZT7FL	[3, 0, 5, 2, 1, 0, 1, 0, 0, 0]
B08JZD9Y4D	[5, 2, 11, 9, 0, 2, 2, 0, 3, 0]
B073N8Q7RW	[10, 0, 4, 4, 1, 4, 4, 0, 0, 0]
B081GLMH46	[7, 0, 4, 7, 0, 2, 0, 0, 0, 0]
B07PM4HNCP	[3, 3, 3, 6, 0, 0, 0, 0, 0, 2]
B071ND6PPL	[1, 0, 2, 1, 0, 0, 0, 0, 0, 0]
B08BFVYN8Z	[19, 2, 12, 3, 0, 5, 1, 1, 0, 0]
B09N4461LQ	[14, 4, 16, 5, 2, 7, 5, 2, 2, 1]
B095CVK3WH	[2, 4, 4, 5, 1, 1, 0, 0, 0, 0]
B08BTP991V	[2, 0, 2, 1, 0, 0, 0, 0, 0, 0]
B07LGCHNPP	[0, 0, 0, 1, 0, 0, 0, 0, 0, 0]
B082B72CYY	[1, 1, 2, 0, 0, 0, 0, 0, 0, 0]
B089GV92HP	[10, 3, 12, 3, 0, 2, 2, 0, 0, 0]
B06XRJN11K	[2, 2, 6, 4, 0, 2, 1, 1, 2, 1]
B07KC56TFC	[2, 0, 1, 2, 0, 0, 1, 0, 0, 0]
B07JN28CF7	[1, 0, 2, 1, 0, 0, 0, 0, 0, 0]
B073VQT9P4	[5, 3, 11, 3, 1, 3, 1, 1, 1, 0]
B07VFX1BK7	[3, 5, 28, 4, 1, 2, 2, 2, 1, 0]
B097RKMPSZ	[2, 4, 4, 5, 1, 1, 0, 0, 0, 0]
B08PTRBJ63	[1, 0, 1, 1, 0, 1, 0, 0, 0, 0]
B07X91N1BQ	[5, 0, 7, 0, 0, 0, 0, 0, 0, 0]
B092W3HJ8X	[3, 0, 5, 2, 1, 0, 1, 0, 0, 0]
B073TSSNK4	[1, 0, 2, 1, 0, 0, 0, 0, 0, 0]
B0814Z62BV	[0, 0, 2, 1, 0, 0, 0, 0, 0, 0]
B0861BNYNR	[3, 0, 4, 2, 1, 0, 1, 0, 0, 0]
B083ZD894J	[0, 0, 0, 2, 0, 0, 0, 0, 0, 0]
B07JNCJXFR	[0, 1, 2, 4, 0, 1, 1, 1, 1, 0]
B084H7W93V	[7, 5, 16, 4, 1, 3, 0, 1, 1, 0]
B08J3TF4QQ	[0, 1, 5, 2, 1, 2, 0, 0, 0, 0]
B09CS6KX4L	[29, 4, 17, 2, 5, 1, 1, 2, 1, 1]
B0881MVGRS	[3, 0, 5, 2, 1, 0, 1, 0, 0, 0]
B01N9A5MAD	[2, 1, 5, 4, 0, 1, 4, 1, 0, 0]
B0719TQV6W	[0, 0, 0, 2, 0, 0, 0, 0, 0, 0]
B0821CGG22	[0, 0, 0, 0, 0, 0, 0, 0, 0, 0]
B0985R36LC	[3, 0, 5, 2, 1, 0, 1, 0, 0, 0]
B07YSQCX7Y	[1, 3, 10, 7, 0, 1, 0, 0, 0, 0]
B09FQXY379	[3, 0, 5, 3, 0, 1, 0, 0, 0, 0]
B081XH1LVJ	[0, 0, 0, 3, 0, 0, 0, 0, 0, 2]
B087G2GWC6	[0, 0, 0, 0, 0, 0, 0, 0, 0, 0]
B07YVHBDS7	[0, 0, 0, 1, 0, 0, 0, 0, 0, 0]
B07HJ5RXM3	[5, 1, 3, 7, 0, 0, 0, 1, 0, 0]
B09RWR5K4B	[1, 1, 4, 5, 0, 2, 1, 0, 2, 0]
B095PNNCVM	[3, 0, 4, 2, 1, 0, 1, 0, 0, 0]
B088RGHPTV	[3, 0, 5, 2, 1, 0, 1, 0, 0, 0]
B09233S7ZM	[3, 0, 4, 2, 1, 0, 1, 0, 0, 0]
B07G5618FB	[3, 3, 10, 8, 0, 1, 1, 0, 0, 0]
B07VH9ZKMY	[7, 3, 6, 5, 0, 2, 1, 3, 1, 1]
B085NNCGV3	[0, 2, 0, 3, 0, 0, 0, 0, 0, 0]
B09QPR7PTP	[0, 0, 2, 1, 0, 0, 1, 0, 0, 0]
B07WW5B97Y	[0, 0, 0, 2, 0, 1, 1, 0, 0, 0]
B09KMBNFDB	[3, 3, 15, 33, 0, 3, 1, 0, 0, 1]
B081QY7PLB	[3, 0, 4, 2, 1, 0, 1, 0, 0, 0]
B095829RBK	[3, 0, 4, 2, 1, 0, 1, 0, 0, 0]
B08QZQYP5S	[2, 4, 4, 5, 1, 1, 0, 0, 0, 0]
B0881MLTRP	[3, 0, 5, 2, 1, 0, 1, 0, 0, 0]
B07M8NHJJ5	[0, 0, 0, 0, 0, 0, 0, 0, 0, 0]
B09LRHNFK4	[5, 2, 23, 4, 2, 2, 0, 1, 1, 0]
B0983Z64QZ	[3, 0, 5, 2, 1, 0, 1, 0, 0, 0]
B08XWDQ4SN	[0, 0, 0, 1, 0, 0, 0, 0, 0, 0]
B07QDS3977	[0, 0, 1, 1, 1, 1, 0, 0, 1, 1]
B08R97D1FS	[4, 3, 10, 4, 1, 2, 1, 1, 1, 0]
B09L1NC1ZQ	[11, 2, 9, 3, 0, 0, 3, 0, 0, 0]
B08NWDQXY8	[0, 1, 0, 39, 0, 0, 0, 0, 0, 0]
B07YY14FS7	[1, 0, 4, 1, 0, 0, 0, 0, 0, 0]
B078W199Z3	[0, 0, 0, 0, 0, 0, 0, 0, 0, 0]
B07KX44VDY	[0, 0, 1, 0, 0, 0, 0, 0, 0, 0]
B07YVNKFCX	[3, 0, 1, 2, 0, 1, 0, 0, 0, 0]
B07DXKPPZL	[1, 6, 0, 0, 0, 0, 0, 0, 0, 1]
B0933LTRMD	[0, 0, 0, 0, 0, 0, 0, 0, 0, 0]
B07TXDM7MF	[1, 4, 5, 3, 0, 0, 0, 0, 0, 0]
B07B381CB6	[0, 0, 0, 1, 0, 0, 0, 0, 0, 0]
B07P462R7T	[11, 4, 13, 6, 4, 9, 4, 2, 2, 0]
B07MCSZLK9	[33, 1, 55, 13, 4, 12, 6, 9, 4, 3]
B0919F46Z9	[4, 1, 5, 2, 0, 1, 0, 0, 0, 0]
B08R437LVJ	[5, 0, 3, 2, 0, 0, 0, 0, 0, 0]
B07JHJRCN7	[0, 0, 0, 0, 0, 0, 0, 0, 0, 0]
B07M6X354R	[0, 0, 0, 0, 0, 0, 0, 0, 0, 0]
B08LHDSQ8J	[0, 1, 0, 0, 0, 0, 0, 0, 0, 0]
B07ZB3DZ7W	[1, 2, 4, 9, 1, 7, 1, 0, 1, 0]
B08HM63BLW	[0, 8, 1, 5, 0, 1, 2, 0, 1, 0]
B08Q7XWBXM	[15, 8, 1, 1, 1, 2, 0, 0, 0, 0]
B07MJLNGD8	[0, 0, 3, 0, 0, 1, 0, 0, 0, 0]
B085T9SHKG	[1, 0, 1, 2, 0, 1, 0, 0, 0, 0]
B07KWVB9MN	[0, 0, 0, 2, 0, 1, 1, 0, 0, 0]
B06XYYRQ3R	[1, 0, 2, 1, 0, 0, 0, 0, 0, 0]
B07QP7S15F	[0, 0, 0, 0, 0, 1, 1, 0, 0, 0]
B082M9XYDH	[5, 6, 5, 4, 2, 4, 0, 2, 3, 0]
B09M3YH37D	[2, 0, 8, 13, 2, 2, 1, 0, 1, 0]
B09Q8WRFKZ	[3, 0, 8, 2, 0, 0, 1, 0, 0, 0]
B084ZP8JRM	[0, 0, 0, 0, 0, 0, 0, 0, 0, 0]
B081FCJ41V	[19, 7, 9, 3, 0, 4, 2, 0, 1, 0]
B01NBB0W8G	[3, 5, 13, 10, 2, 1, 2, 2, 2, 1]
B07HJ2RFST	[5, 1, 3, 7, 0, 0, 0, 1, 0, 0]
B09NP9796L	[0, 0, 0, 0, 0, 0, 0, 0, 0, 0]
B089ZVRH6R	[0, 0, 0, 0, 0, 0, 0, 0, 0, 0]
B095P311XY	[1, 0, 0, 28, 1, 0, 1, 0, 0, 0]
B07QP6GZNJ	[0, 0, 0, 0, 0, 1, 1, 0, 0, 0]
B07B6BSPY4	[9, 0, 3, 0, 3, 1, 0, 0, 0, 0]
B07QCTFWWZ	[0, 1, 2, 5, 0, 1, 0, 0, 0, 0]
B089VJHBFR	[9, 5, 10, 1, 2, 2, 0, 0, 0, 0]
B08914KMDV	[3, 1, 5, 1, 0, 0, 0, 1, 1, 0]
B077PYSPDJ	[2, 0, 0, 0, 0, 0, 0, 0, 0, 0]
B09NYLMZTV	[2, 3, 10, 5, 0, 2, 2, 1, 0, 0]
B08KTCH84D	[3, 2, 10, 9, 1, 0, 0, 0, 0, 0]
B07YSQTWCV	[0, 3, 1, 1, 0, 0, 1, 2, 1, 0]
B09H96WH9K	[6, 1, 5, 8, 2, 4, 3, 0, 1, 1]
B07TDB5TS7	[3, 0, 0, 3, 0, 0, 0, 0, 0, 0]
B07TNH8TQJ	[0, 0, 0, 2, 0, 1, 1, 0, 0, 0]
B088R9P1HN	[3, 0, 5, 2, 1, 0, 1, 0, 0, 0]
B081C61D4P	[0, 0, 2, 1, 0, 0, 0, 0, 0, 0]
B08D6XJ6K1	[1, 0, 2, 1, 0, 0, 0, 0, 0, 0]
B095PLFLH7	[3, 0, 4, 2, 1, 0, 1, 0, 0, 0]
B08J7QK2CN	[1, 0, 0, 28, 1, 0, 1, 0, 0, 0]
B08591WT9D	[5, 2, 6, 7, 1, 5, 0, 1, 0, 0]
B09MYPPTNL	[1, 4, 6, 20, 0, 1, 0, 0, 0, 1]
B09DS3XV4C	[8, 4, 18, 5, 2, 2, 2, 1, 0, 0]
B091RXBDMH	[3, 0, 4, 2, 1, 0, 1, 0, 0, 0]
B08QZ9GSTF	[5, 3, 11, 4, 1, 3, 1, 1, 1, 0]
B0987RJZBQ	[3, 0, 5, 2, 1, 0, 1, 0, 0, 0]
B07T91Z5Y6	[0, 0, 0, 2, 0, 1, 1, 0, 0, 0]
B086QZBTHH	[5, 1, 7, 9, 0, 3, 0, 0, 0, 0]
B07LDR34ZM	[3, 1, 4, 1, 0, 0, 2, 1, 0, 0]
B09TRR26CV	[3, 0, 4, 2, 1, 0, 1, 0, 0, 0]
B0881STCX5	[3, 0, 5, 2, 1, 0, 1, 0, 0, 0]
B08RL9145J	[0, 0, 1, 0, 0, 0, 0, 0, 0, 0]
B07N11NLM1	[3, 4, 6, 6, 0, 1, 1, 1, 2, 0]
B07XRXB8Q3	[6, 0, 2, 1, 1, 4, 2, 1, 1, 0]
B09LYZL4XX	[2, 6, 9, 5, 0, 1, 1, 2, 0, 0]
B081TZTGSG	[5, 5, 6, 5, 0, 1, 0, 0, 1, 1]
B08253PMTS	[3, 2, 9, 1, 0, 0, 1, 1, 1, 1]
B0847NF4Q7	[0, 0, 0, 0, 0, 0, 0, 0, 0, 0]
B07H7VQZRM	[0, 0, 0, 1, 0, 0, 0, 0, 0, 0]
B07FM6YQJR	[1, 4, 6, 20, 0, 1, 0, 0, 0, 1]
B07NVL5YCD	[0, 0, 4, 0, 0, 1, 0, 0, 0, 0]
B07V4SH9CH	[3, 3, 10, 8, 0, 1, 1, 0, 0, 0]
B0987SFC1Q	[3, 0, 5, 2, 1, 0, 1, 0, 0, 0]
B07V8GFF63	[2, 1, 5, 1, 0, 0, 0, 0, 0, 0]
B07FW673N2	[4, 1, 5, 0, 0, 0, 0, 0, 0, 0]
B085Q73KM8	[0, 0, 0, 0, 0, 0, 0, 0, 0, 0]
B07HJ3F1M7	[7, 0, 7, 0, 0, 0, 1, 0, 0, 0]
B08C6Z4C3R	[4, 0, 2, 0, 0, 1, 0, 0, 0, 0]
B07JNR6P9M	[1, 4, 6, 20, 0, 1, 0, 0, 0, 1]
B087F6CLJG	[5, 3, 11, 7, 1, 3, 1, 1, 1, 1]
B0987W41WK	[3, 0, 5, 2, 1, 0, 1, 0, 0, 0]
B07YSQ7688	[1, 2, 2, 0, 0, 0, 0, 0, 0, 0]
B0987V1517	[3, 0, 5, 2, 1, 0, 1, 0, 0, 0]
B07SNVMF99	[3, 0, 0, 3, 0, 0, 0, 0, 0, 0]
B09KTLZG67	[8, 0, 11, 4, 2, 1, 1, 0, 0, 0]
B0881NVD6Q	[3, 0, 5, 2, 1, 0, 1, 0, 0, 0]
B07KT8D6NK	[0, 0, 0, 0, 0, 0, 0, 0, 0, 0]
B07G11JJSF	[3, 2, 6, 6, 3, 0, 1, 0, 0, 0]
B08VWNBVP9	[0, 0, 0, 0, 0, 0, 0, 0, 0, 0]
B08JVDJD5S	[0, 0, 0, 0, 0, 0, 0, 0, 0, 0]
B01EIQX6Y8	[6, 1, 7, 3, 0, 2, 3, 0, 0, 0]
B09JW6DKRT	[10, 3, 11, 6, 1, 5, 1, 1, 1, 0]
B0881S1P46	[3, 0, 5, 2, 1, 0, 1, 0, 0, 0]
B08514Y9M8	[2, 0, 4, 1, 0, 1, 0, 0, 0, 0]
B08Q8C17LJ	[2, 0, 2, 1, 0, 0, 0, 0, 0, 0]
B07TVMSBLG	[16, 0, 12, 10, 0, 0, 0, 2, 0, 0]
B07GBCC8C5	[0, 0, 0, 0, 0, 0, 0, 0, 0, 0]
B0881NSK8Q	[3, 0, 5, 2, 1, 0, 1, 0, 0, 0]
B07JZNL9NV	[1, 2, 9, 5, 0, 1, 1, 0, 1, 0]
B0881L39YS	[3, 0, 5, 2, 1, 0, 1, 0, 0, 0]
B07GVM4T7G	[2, 0, 5, 3, 0, 1, 0, 0, 0, 0]
B07RRYXYN6	[6, 1, 5, 8, 2, 4, 3, 0, 1, 1]
B08F83VXLG	[0, 1, 0, 0, 0, 0, 0, 0, 0, 0]
B0987NZ6DQ	[3, 0, 5, 2, 1, 0, 1, 0, 0, 0]
B07L6LFH41	[1, 4, 6, 20, 0, 1, 0, 0, 0, 1]
B07FDT4FBR	[18, 10, 37, 7, 2, 6, 4, 3, 2, 2]
B08D3Q11NT	[0, 3, 3, 4, 1, 3, 1, 1, 1, 0]
B0984HCL6D	[3, 0, 5, 2, 1, 0, 1, 0, 0, 0]
B08SC13XQ5	[0, 5, 1, 13, 0, 0, 0, 0, 0, 0]
B083XCWWCK	[4, 2, 15, 1, 0, 2, 0, 0, 0, 0]
B09S6TYPX7	[3, 0, 5, 3, 0, 1, 0, 0, 0, 0]
B07G4G1G37	[0, 0, 0, 2, 0, 1, 1, 0, 0, 0]
B08WYPT4CV	[3, 0, 3, 12, 0, 3, 2, 1, 0, 0]
B08254JSXR	[10, 5, 1, 0, 0, 2, 0, 0, 1, 0]
B087RQ9LJ5	[5, 1, 7, 9, 0, 3, 0, 0, 0, 0]
B082J5ZTQF	[3, 0, 4, 2, 1, 0, 1, 0, 0, 0]
B08J7KFC5X	[3, 12, 44, 6, 1, 3, 2, 6, 3, 0]
B08CG6K91M	[1, 0, 1, 3, 0, 0, 0, 1, 0, 0]
B086JNWP6B	[0, 0, 0, 0, 0, 0, 0, 0, 0, 0]
B078S7B2FG	[14, 3, 21, 10, 1, 4, 4, 0, 0, 0]
B09BZMNYVF	[0, 1, 0, 34, 0, 0, 0, 0, 0, 0]
B07QX8S2V9	[4, 1, 2, 2, 0, 0, 0, 0, 0, 0]
B07Y66NF7R	[24, 11, 39, 4, 0, 10, 2, 7, 3, 4]
B0987GZ4VZ	[3, 0, 5, 2, 1, 0, 1, 0, 0, 0]
B07D81T21K	[0, 0, 0, 0, 0, 0, 0, 0, 0, 0]
B07BBJFDCC	[25, 6, 20, 18, 0, 0, 0, 5, 1, 1]
B08Q8L7SYV	[2, 4, 4, 5, 1, 1, 0, 0, 0, 0]
B0935QLM7C	[3, 0, 4, 2, 1, 0, 1, 0, 0, 0]
B07XL97LJ4	[2, 0, 1, 6, 0, 0, 0, 0, 0, 1]
B07VFK93V3	[0, 0, 0, 0, 0, 0, 0, 0, 0, 0]
B07ZVPH9Q5	[6, 2, 5, 3, 0, 1, 0, 1, 0, 1]
B07FMWPJXX	[5, 0, 3, 3, 0, 0, 0, 1, 0, 0]
B0987GG1VT	[3, 0, 5, 2, 1, 0, 1, 0, 0, 0]
B08CX7F844	[4, 0, 5, 2, 0, 1, 0, 0, 0, 0]
B08C78P7D5	[6, 0, 5, 3, 0, 0, 0, 1, 0, 1]
B07HJ5YJZV	[5, 1, 3, 7, 0, 0, 0, 1, 0, 0]
B075L5Z85B	[7, 2, 9, 2, 0, 0, 3, 3, 1, 1]
B08RZ819MB	[4, 3, 11, 6, 1, 3, 1, 1, 1, 0]
B087D7Q928	[12, 5, 13, 2, 0, 2, 4, 2, 1, 1]
B083WCXWZB	[1, 2, 8, 1, 0, 0, 0, 0, 2, 1]
B091SHVFQV	[3, 0, 4, 2, 1, 0, 1, 0, 0, 0]
B0881VFZH9	[3, 0, 5, 2, 1, 0, 1, 0, 0, 0]
B09M6VCPJV	[2, 4, 4, 5, 1, 1, 0, 0, 0, 0]
B08836DVGH	[3, 0, 5, 2, 1, 0, 1, 0, 0, 0]
B07QGB2NXJ	[3, 0, 2, 5, 0, 0, 0, 0, 0, 0]
B081K8WWCK	[4, 2, 5, 1, 0, 1, 0, 0, 0, 0]
B09Q5C28RY	[0, 1, 0, 0, 0, 0, 0, 0, 0, 0]
B07C8FSTFP	[5, 3, 11, 4, 0, 2, 1, 1, 1, 1]
B08KF65CRY	[12, 14, 31, 33, 7, 15, 4, 5, 7, 3]
B08GN9CY52	[3, 0, 4, 3, 1, 0, 1, 0, 0, 0]
B07MXN874X	[7, 2, 3, 0, 0, 0, 1, 0, 0, 0]
B07MMVC2GG	[0, 0, 0, 0, 0, 0, 0, 0, 0, 0]
B081CVZSZD	[0, 0, 0, 0, 0, 0, 0, 0, 0, 0]
B08DYDFV96	[1, 0, 1, 0, 0, 0, 1, 0, 0, 0]
B08413PKJV	[0, 0, 0, 0, 0, 0, 0, 0, 0, 0]
B07PP91JB2	[0, 1, 2, 1, 0, 0, 0, 0, 1, 0]
B071NVKH7C	[1, 0, 3, 5, 0, 2, 0, 0, 0, 0]
B07D92MTBP	[0, 1, 4, 1, 1, 3, 1, 1, 0, 0]
B07D2J67G1	[1, 14, 11, 11, 2, 2, 2, 1, 1, 0]
B07JG9QHKP	[1, 3, 10, 7, 0, 1, 0, 0, 0, 0]
B09BBNJYN3	[0, 0, 0, 0, 0, 0, 0, 0, 0, 0]
B074TV61DK	[4, 0, 1, 1, 0, 0, 0, 0, 0, 0]
B07JH9ZXFN	[0, 3, 8, 4, 0, 1, 0, 0, 0, 0]
B07WSFL7NG	[19, 7, 10, 3, 0, 4, 2, 0, 1, 0]
B07GVNC2BP	[0, 0, 0, 2, 0, 1, 1, 0, 0, 0]
B07VMBN5XM	[1, 0, 1, 0, 0, 0, 0, 0, 0, 0]
B0816XV4S4	[0, 0, 0, 0, 0, 0, 0, 0, 0, 0]
B07QM9XHQR	[0, 0, 0, 0, 0, 1, 1, 0, 0, 0]
B08KFDT124	[0, 3, 2, 4, 0, 1, 0, 0, 1, 0]
B07ZT9GZ8G	[1, 0, 4, 5, 1, 2, 2, 0, 0, 1]
B07PDSLSBJ	[0, 0, 0, 0, 0, 0, 0, 0, 0, 0]
B07K361SFR	[1, 0, 0, 3, 0, 0, 0, 0, 0, 0]
B088TQC99V	[1, 0, 15, 4, 0, 1, 1, 0, 0, 0]
B07ZTN51F4	[0, 2, 3, 5, 0, 1, 0, 0, 1, 0]
B07P24XMRH	[0, 0, 0, 0, 0, 0, 0, 0, 0, 0]
B09TWQHT71	[0, 5, 5, 10, 2, 2, 1, 0, 1, 0]
B08V8B63W9	[1, 6, 13, 2, 0, 1, 1, 0, 1, 0]
B07P8M1CQQ	[0, 0, 0, 0, 0, 0, 0, 0, 0, 0]
B07ZTK3FZC	[3, 0, 4, 2, 1, 0, 1, 0, 0, 0]
B09N9T3DF7	[5, 0, 10, 8, 0, 1, 0, 1, 0, 0]
B088RDL7YX	[3, 0, 5, 2, 1, 0, 1, 0, 0, 0]
B082FL2J23	[5, 3, 11, 1, 1, 2, 2, 0, 0, 0]
B07WP2L86B	[0, 0, 0, 0, 0, 0, 0, 0, 0, 0]
B079VQB18J	[3, 10, 3, 2, 0, 1, 0, 0, 0, 1]
B07MVB3ZYK	[10, 15, 13, 3, 0, 0, 0, 1, 1, 0]
B092D5KVJ8	[0, 0, 0, 0, 0, 0, 0, 0, 0, 0]
B01M5E92TH	[1, 0, 2, 1, 0, 0, 0, 0, 0, 0]
B07285G1RK	[39, 7, 20, 12, 4, 7, 5, 0, 0, 0]
B08BFT3MPD	[19, 2, 12, 4, 0, 5, 1, 1, 0, 0]
B091RKSBVY	[3, 0, 4, 2, 1, 0, 1, 0, 0, 0]
B08CVKFW8M	[7, 11, 14, 10, 1, 5, 5, 5, 3, 1]
B07PSP47PY	[2, 7, 8, 26, 0, 2, 1, 1, 1, 1]
B091QB2DKJ	[1, 0, 0, 29, 1, 0, 1, 0, 0, 0]
B07KFMGX1T	[1, 0, 0, 3, 0, 0, 0, 0, 0, 0]
B07QKDY6W4	[1, 0, 1, 0, 0, 0, 1, 0, 0, 0]
B08W5CN42L	[5, 1, 7, 9, 0, 3, 0, 0, 0, 0]
B08VS4NJXG	[2, 4, 4, 5, 1, 1, 0, 0, 0, 0]
B07LCQ5JT7	[11, 3, 11, 3, 0, 0, 2, 1, 0, 1]
B07FW7PP5Z	[0, 1, 1, 1, 0, 0, 0, 0, 1, 0]
B082GCTBPD	[5, 7, 4, 5, 2, 1, 0, 2, 3, 0]
B09DL5QTN4	[3, 1, 2, 2, 0, 1, 0, 0, 1, 0]
B08BG6JQPD	[0, 0, 0, 2, 0, 0, 0, 0, 0, 0]
B0964GNB1Q	[3, 0, 4, 2, 1, 0, 1, 0, 0, 0]
B0881KT13L	[3, 0, 5, 2, 1, 0, 1, 0, 0, 0]
B095PD9P8Y	[3, 0, 4, 2, 1, 0, 1, 0, 0, 0]
B087N479GJ	[3, 1, 7, 6, 0, 0, 0, 0, 0, 0]
B07RT759Z9	[1, 0, 2, 1, 0, 0, 0, 0, 0, 0]
B0929F6B6H	[3, 0, 4, 2, 1, 0, 1, 0, 0, 0]
B08FFQK31D	[6, 2, 10, 22, 0, 2, 3, 2, 12, 1]
B0757H679T	[1, 0, 2, 1, 0, 0, 0, 0, 0, 0]
B07YWQFQH5	[4, 3, 5, 5, 0, 1, 0, 0, 1, 0]
B08PFVHN12	[1, 3, 5, 1, 0, 1, 0, 0, 0, 1]
B077KHD3T9	[0, 0, 0, 1, 0, 0, 0, 0, 0, 0]
B08Z78YVRY	[0, 0, 0, 0, 0, 0, 0, 0, 0, 0]
B0929CC45S	[3, 0, 4, 2, 1, 0, 1, 0, 0, 0]
B07M8CTH6L	[1, 0, 6, 5, 0, 1, 1, 1, 1, 0]
B07LGLHCF4	[0, 0, 0, 0, 0, 0, 0, 0, 0, 0]
B0949KJMVW	[3, 0, 4, 2, 1, 0, 1, 0, 0, 0]
B081K8NPYG	[1, 1, 2, 0, 0, 0, 0, 0, 0, 0]
B07RRYC69Z	[6, 0, 7, 6, 0, 0, 0, 1, 0, 0]
B08D6ZJPTB	[1, 0, 2, 1, 0, 0, 0, 0, 0, 0]
B09NDLJY2Z	[2, 5, 3, 2, 0, 0, 1, 0, 0, 1]
B09565N8QV	[3, 0, 4, 2, 1, 0, 1, 0, 0, 0]
B07NCZKFCW	[0, 1, 0, 0, 0, 0, 0, 0, 0, 0]
B07PLL5D5W	[0, 0, 0, 0, 0, 0, 0, 0, 0, 0]
B08D6YP7W6	[1, 0, 2, 1, 0, 0, 0, 0, 0, 0]
B08SWBS34L	[3, 0, 4, 2, 1, 0, 1, 0, 0, 0]
B09KNT1MTF	[19, 0, 59, 4, 2, 2, 1, 0, 1, 0]
B081S9H1Z3	[3, 0, 4, 2, 0, 1, 0, 0, 0, 0]
B075977QQY	[1, 0, 2, 1, 0, 0, 0, 0, 0, 0]
B089W8CB62	[2, 0, 3, 2, 0, 0, 0, 0, 0, 0]
B07R5YXWK9	[2, 0, 8, 2, 0, 0, 1, 0, 0, 0]
B075YRHSWS	[1, 0, 4, 1, 0, 0, 0, 0, 0, 0]
B0955GCQ1S	[3, 0, 4, 2, 1, 0, 1, 0, 0, 0]
B08WPLDQRQ	[3, 0, 8, 2, 0, 0, 0, 0, 0, 0]
B08JV9RT7H	[4, 0, 4, 1, 0, 0, 0, 0, 0, 0]
B081543T4B	[0, 0, 0, 0, 0, 0, 0, 0, 0, 0]
B075J914W2	[3, 0, 5, 2, 0, 1, 0, 0, 0, 0]
B08D6YFY65	[1, 0, 2, 1, 0, 0, 0, 0, 0, 0]
B089WGC387	[2, 0, 7, 11, 1, 0, 1, 0, 0, 0]
B07PLZB3CS	[0, 1, 4, 8, 1, 1, 0, 0, 0, 0]
B082Y7L2DF	[8, 2, 7, 6, 0, 2, 1, 1, 1, 1]
B087TG6HX7	[3, 0, 2, 0, 0, 0, 0, 0, 0, 0]
B07FSFD58B	[14, 3, 3, 15, 0, 0, 0, 0, 0, 0]
B07CYTJP6N	[1, 1, 3, 7, 0, 1, 0, 1, 0, 0]
B088B5WBT8	[3, 0, 5, 2, 1, 0, 1, 0, 0, 0]
B07HJ6YWQ9	[5, 1, 3, 7, 0, 0, 0, 1, 0, 0]
B095P6TDRG	[3, 0, 4, 2, 1, 0, 1, 0, 0, 0]
B07NQQJYFP	[1, 2, 10, 7, 1, 4, 3, 4, 2, 1]
B07QGFWBHJ	[6, 1, 5, 8, 2, 4, 3, 0, 1, 1]
B07T2TSZG7	[1, 0, 0, 5, 1, 0, 0, 0, 0, 0]
B08TC5W4ZP	[7, 3, 7, 5, 1, 3, 0, 1, 1, 0]
B076SYBVKR	[2, 4, 13, 3, 0, 0, 0, 0, 0, 0]
B017RXFNKY	[15, 10, 39, 9, 1, 7, 2, 1, 1, 0]
B07DD58XX5	[4, 1, 5, 6, 0, 1, 1, 0, 0, 1]
B085LFDBBZ	[8, 1, 3, 7, 0, 2, 0, 0, 0, 0]
B07RV32WJN	[0, 4, 11, 1, 0, 0, 0, 0, 1, 1]
B0793S5N4W	[6, 0, 7, 0, 0, 0, 0, 0, 0, 0]
B07DLJVXRY	[0, 0, 0, 0, 0, 0, 0, 0, 0, 0]
B08D6YJZLL	[1, 0, 2, 1, 0, 0, 0, 0, 0, 0]
B07T86JZH7	[14, 3, 7, 3, 0, 0, 1, 0, 0, 0]
B089VZ85VG	[0, 0, 0, 7, 0, 0, 0, 0, 0, 0]
B084RF5VD1	[0, 3, 7, 2, 2, 2, 1, 1, 1, 0]
B07TD6GM2N	[0, 1, 0, 0, 0, 0, 0, 0, 0, 0]
B07ZKDJHJ1	[11, 5, 17, 12, 2, 5, 1, 5, 1, 1]
B07Y895L69	[0, 0, 0, 7, 0, 0, 0, 0, 0, 0]
B07XKT3C6X	[6, 1, 5, 8, 2, 4, 3, 0, 1, 1]
B07MJRQ52G	[0, 0, 0, 0, 0, 1, 1, 0, 0, 0]
B098NJR2J9	[4, 1, 6, 3, 0, 1, 2, 0, 0, 0]
B08SHCNN3S	[8, 5, 13, 5, 2, 6, 2, 1, 3, 0]
B07GVVC32B	[10, 3, 21, 20, 1, 3, 3, 1, 0, 1]
B0987R9VXV	[3, 0, 5, 2, 1, 0, 1, 0, 0, 0]
B07M8R6ZWD	[4, 0, 6, 4, 0, 2, 0, 0, 0, 0]
B07NVQPF5V	[10, 0, 13, 0, 1, 1, 1, 0, 0, 0]
B08YD8461R	[5, 16, 13, 0, 0, 0, 0, 0, 0, 0]
B07PH1ZSGF	[2, 0, 4, 1, 0, 0, 0, 0, 0, 0]
B082164QKG	[0, 0, 1, 4, 0, 0, 0, 0, 0, 0]
B07KQLQGZ4	[0, 0, 0, 0, 0, 1, 1, 0, 0, 0]
B08PFVSJD2	[0, 2, 1, 1, 0, 1, 0, 0, 0, 1]
B01HFZI9AK	[10, 0, 5, 4, 0, 1, 1, 0, 0, 0]
B07TTNHTHP	[0, 0, 0, 0, 0, 0, 0, 0, 0, 0]
B09JL3VPQ2	[3, 0, 4, 0, 1, 2, 0, 1, 0, 0]
B087TT7XSR	[3, 0, 5, 2, 1, 0, 1, 0, 0, 0]
B08CTZP97H	[4, 3, 14, 5, 1, 3, 1, 1, 1, 0]
B09SVC5C2C	[0, 4, 11, 6, 0, 0, 0, 0, 1, 0]
B074JK7M39	[1, 2, 5, 4, 1, 3, 2, 0, 0, 1]
B098TP8MLF	[3, 0, 4, 2, 1, 0, 1, 0, 0, 0]
B08Y5P2YKX	[7, 0, 9, 3, 1, 3, 2, 0, 0, 1]
B07L4S6CDK	[1, 4, 6, 20, 0, 1, 0, 0, 0, 1]
B09T96DBFZ	[7, 2, 2, 0, 0, 0, 0, 0, 0, 0]
B07NY2FQRN	[6, 3, 11, 4, 1, 3, 1, 1, 0, 0]
B0827JGYVZ	[1, 0, 3, 1, 0, 0, 1, 0, 1, 0]
B08DKBMG78	[3, 0, 5, 2, 1, 0, 1, 0, 0, 0]
B0869QLPJ6	[0, 1, 0, 0, 0, 0, 0, 0, 0, 0]
B095WHRCS1	[4, 1, 12, 5, 0, 1, 0, 0, 0, 0]
B0831H2VPB	[0, 0, 0, 2, 0, 0, 0, 0, 0, 0]
B08J84DS1Q	[13, 2, 7, 3, 0, 0, 0, 0, 2, 0]
B072R2G3RL	[7, 3, 5, 4, 0, 0, 1, 0, 0, 0]
B07P1G27CF	[7, 0, 13, 0, 1, 2, 3, 5, 1, 2]
B08R8LDKF4	[0, 0, 2, 0, 0, 0, 1, 0, 0, 0]
B08PFVWJ52	[0, 4, 11, 1, 0, 0, 0, 0, 1, 1]
B08NX945ZD	[2, 0, 2, 8, 0, 1, 1, 0, 0, 0]
B0969Q7S2B	[5, 3, 11, 3, 1, 3, 1, 1, 1, 0]
B07C7WTDY8	[8, 3, 20, 11, 1, 3, 2, 2, 2, 0]
B07ZSZVH5S	[1, 0, 4, 5, 1, 2, 2, 0, 0, 1]
B09QXHKWM8	[0, 0, 1, 0, 0, 0, 0, 0, 0, 0]
B08MDX2HDR	[4, 3, 11, 4, 1, 3, 1, 1, 0, 0]
B07MJKLFYL	[13, 1, 18, 8, 0, 5, 1, 2, 0, 0]
B082SY92RH	[0, 0, 0, 2, 0, 0, 0, 0, 0, 0]
B07KX4SDRK	[0, 0, 0, 0, 0, 0, 0, 0, 0, 0]
B0955J1VW1	[3, 0, 4, 2, 1, 0, 1, 0, 0, 0]
B091QDGSP7	[3, 0, 4, 2, 1, 0, 1, 0, 0, 0]
B07N81VFVT	[0, 2, 5, 3, 0, 2, 3, 1, 1, 0]
B091CFHFYN	[1, 0, 1, 3, 0, 1, 0, 0, 0, 0]
B087X2L8XV	[3, 0, 5, 2, 1, 0, 1, 0, 0, 0]
B093CRF1YD	[0, 1, 11, 26, 0, 1, 3, 0, 0, 0]
B082XX3Q4J	[0, 0, 2, 0, 0, 0, 0, 0, 0, 0]
B08HMMHVQN	[7, 0, 6, 1, 0, 0, 0, 1, 0, 1]
B088R9PSP7	[3, 0, 5, 2, 1, 0, 1, 0, 0, 0]
B07MXYWMMJ	[3, 0, 8, 2, 0, 0, 0, 0, 0, 0]
B07Y56395C	[13, 3, 6, 14, 0, 0, 0, 0, 0, 0]
B07VRTNJC6	[9, 4, 9, 4, 0, 8, 2, 0, 2, 1]
B09P71WV1S	[4, 3, 11, 6, 1, 3, 1, 0, 0, 0]
B07KKD8T69	[12, 1, 4, 0, 0, 0, 0, 0, 0, 0]
B09BD4L2K3	[5, 4, 4, 2, 0, 1, 0, 0, 0, 0]
B07WX7DNR1	[9, 1, 11, 3, 0, 0, 1, 0, 0, 1]
B0854MV7WG	[5, 3, 13, 4, 1, 3, 1, 1, 0, 0]
B09685MJ9P	[3, 0, 4, 2, 1, 0, 1, 0, 0, 0]
B083TT2FLL	[3, 3, 4, 3, 0, 4, 1, 2, 0, 1]
B07J5CMFVC	[0, 0, 0, 3, 0, 0, 0, 0, 0, 0]
B07M8L3Q5C	[0, 0, 0, 0, 0, 0, 0, 0, 0, 0]
B09T3H779T	[6, 0, 4, 0, 0, 0, 0, 1, 0, 0]
B098SSYPSL	[10, 0, 19, 4, 2, 2, 4, 0, 0, 0]
B09QQTV8MV	[8, 1, 18, 5, 1, 3, 0, 0, 0, 0]
B07S8QBMWV	[8, 0, 7, 6, 0, 1, 1, 0, 0, 0]
B098DWN5B6	[0, 0, 1, 17, 0, 0, 0, 0, 0, 0]
B07H25BSCN	[83, 15, 137, 12, 2, 19, 3, 4, 1, 1]
B09PB5B927	[7, 1, 10, 4, 1, 1, 0, 0, 0, 0]
B095S633Q8	[1, 0, 4, 1, 0, 0, 0, 0, 0, 0]
B07S63T28D	[0, 5, 12, 5, 0, 3, 1, 2, 1, 0]
B0982TDSF5	[6, 3, 13, 3, 1, 3, 1, 1, 1, 0]
B09NVMHTD8	[0, 2, 7, 2, 1, 2, 0, 1, 1, 0]
B07R437X7F	[2, 0, 5, 1, 0, 2, 0, 0, 0, 0]
B07YL2NC5V	[0, 0, 0, 0, 0, 0, 0, 0, 0, 0]
B09682XSRV	[3, 0, 4, 2, 1, 0, 1, 0, 0, 0]
B088GP5NCJ	[3, 0, 5, 2, 1, 0, 1, 0, 0, 0]
B07VWB6S2Q	[6, 3, 10, 3, 1, 3, 1, 1, 1, 0]
B07J4QKWFQ	[7, 0, 12, 9, 1, 2, 1, 0, 0, 0]
B06XW3F5GW	[0, 0, 0, 2, 0, 0, 0, 0, 0, 0]
B08LQYD9BL	[4, 1, 4, 1, 0, 0, 0, 0, 0, 0]
B084GTRXNX	[0, 0, 0, 0, 0, 0, 0, 0, 0, 0]
B086GTC4PS	[10, 3, 15, 5, 1, 5, 2, 1, 2, 0]
B07YZMWMH3	[0, 0, 0, 1, 0, 0, 0, 0, 0, 0]
B09FFPJX18	[2, 4, 4, 5, 1, 1, 0, 0, 0, 0]
B07NYWBL62	[0, 0, 0, 2, 0, 0, 0, 0, 0, 0]
B07K46VPWG	[1, 4, 6, 20, 0, 1, 0, 0, 0, 1]
B075MS2CSJ	[1, 0, 2, 3, 0, 0, 0, 0, 0, 0]
B09FL9S8Y1	[0, 0, 0, 0, 0, 0, 0, 0, 0, 0]
B08GTV3CDC	[0, 1, 0, 0, 0, 0, 0, 0, 0, 0]
B09FK9CPCV	[3, 3, 10, 5, 1, 4, 0, 1, 1, 0]
B07L6MSPVD	[1, 4, 6, 20, 0, 1, 0, 0, 0, 1]
B0811Z5XVS	[1, 0, 4, 5, 1, 2, 2, 0, 0, 1]
B088372P49	[3, 0, 5, 2, 1, 0, 1, 0, 0, 0]
B07KB4HPRB	[0, 0, 0, 1, 0, 0, 0, 0, 0, 0]
B095PYDT88	[3, 0, 4, 2, 1, 0, 1, 0, 0, 0]
B07ZD1J2TQ	[0, 0, 0, 0, 0, 0, 0, 0, 0, 0]
B079LTP355	[6, 1, 10, 11, 0, 3, 1, 1, 2, 0]
B08156JPYD	[5, 0, 1, 1, 0, 0, 0, 0, 0, 0]
B08MKW95MF	[0, 2, 1, 4, 0, 1, 1, 0, 0, 0]
B07DQHXY26	[5, 2, 5, 6, 0, 1, 0, 0, 0, 0]
B086C9QWYN	[5, 4, 4, 5, 1, 3, 2, 1, 2, 1]
B09231ZGL1	[3, 0, 4, 2, 1, 0, 1, 0, 0, 0]
B097S4VW4T	[2, 0, 1, 2, 0, 0, 0, 0, 0, 0]
B097HY5TV9	[0, 1, 0, 3, 0, 0, 0, 0, 1, 0]
B07SNXG4ZT	[3, 0, 0, 3, 0, 0, 0, 0, 0, 0]
B09QQ5XHMY	[7, 0, 4, 1, 0, 0, 1, 1, 0, 0]
B07HGXKX37	[1, 9, 11, 0, 1, 2, 0, 0, 2, 0]
B07FVTNYBC	[0, 2, 6, 2, 0, 0, 0, 0, 0, 0]
B08CNFPNMT	[5, 3, 3, 4, 1, 3, 1, 1, 1, 0]
B0713Z5TJG	[7, 2, 9, 2, 0, 4, 3, 2, 2, 1]
B07JMV1BFD	[1, 0, 2, 1, 0, 0, 0, 0, 0, 0]
B09BRFN1G1	[2, 1, 0, 2, 0, 0, 0, 0, 0, 0]
B0765541GC	[1, 0, 1, 0, 0, 0, 0, 0, 0, 0]
B0837VXSWR	[12, 3, 27, 6, 1, 6, 4, 4, 1, 2]
B0992RRRQ7	[43, 47, 49, 25, 1, 1, 0, 0, 1, 0]
B086H1SWXJ	[0, 0, 0, 1, 0, 0, 0, 0, 0, 0]
B08BZVWLSD	[0, 0, 0, 2, 0, 1, 1, 0, 0, 0]
B08D6YV27J	[1, 0, 2, 1, 0, 0, 0, 0, 0, 0]
B01MQ2NPA2	[0, 0, 0, 0, 0, 0, 0, 0, 0, 0]
B0881SLJBY	[3, 0, 5, 2, 1, 0, 1, 0, 0, 0]
B0955RMS5M	[3, 0, 4, 2, 1, 0, 1, 0, 0, 0]
B07KQFBX62	[0, 0, 0, 0, 0, 1, 1, 0, 0, 0]
B08JGQ28J5	[6, 3, 13, 4, 1, 3, 1, 1, 0, 0]
B07N38HY78	[1, 6, 5, 6, 0, 2, 0, 0, 1, 0]
B08CRXJ382	[2, 4, 4, 5, 1, 1, 0, 0, 0, 0]
B095XZR9F4	[3, 0, 3, 2, 0, 0, 0, 0, 0, 0]
B0881SBFHL	[3, 0, 5, 2, 1, 0, 1, 0, 0, 0]
B071DGGH17	[1, 0, 2, 1, 0, 0, 0, 0, 0, 0]
B088HH2RSM	[3, 3, 3, 3, 0, 1, 1, 0, 0, 0]
B07T2CNX2R	[3, 0, 0, 3, 0, 0, 0, 0, 0, 0]
B09P8HYT9M	[0, 0, 0, 1, 0, 1, 1, 0, 0, 0]
B081T2N8X7	[0, 1, 1, 1, 0, 0, 0, 1, 0, 0]
B0955SRQWQ	[3, 0, 4, 2, 1, 0, 1, 0, 0, 0]
B09JCGX65W	[11, 0, 23, 4, 3, 2, 3, 0, 0, 0]
B07N82RQD1	[0, 0, 0, 6, 0, 0, 0, 0, 0, 0]
B08XZ7MHSQ	[3, 3, 10, 8, 0, 1, 1, 0, 0, 0]
B07ZT4VMJM	[0, 0, 0, 0, 0, 0, 0, 0, 0, 0]
B07LDNB8SZ	[13, 2, 10, 5, 0, 1, 3, 0, 0, 0]
B071CZ9VRL	[4, 0, 4, 0, 0, 0, 0, 0, 0, 0]
B07SW86P66	[3, 0, 0, 3, 0, 0, 0, 0, 0, 0]
B07J2R1LBD	[0, 0, 0, 4, 0, 0, 0, 0, 0, 0]
B09MKM67HR	[0, 0, 0, 4, 0, 0, 0, 0, 0, 0]
B07VG9CNDC	[7, 0, 10, 2, 0, 0, 0, 1, 0, 0]
B07KT3FSH9	[0, 0, 0, 0, 0, 0, 0, 0, 0, 0]
B08HM913Y3	[0, 0, 0, 0, 0, 0, 0, 0, 0, 0]
B07HJ1N56T	[5, 1, 3, 7, 0, 0, 0, 1, 0, 0]
B07KXWK9VY	[0, 0, 0, 0, 0, 0, 0, 0, 0, 0]
B07ZZ2LP86	[1, 0, 4, 5, 1, 2, 2, 0, 0, 1]
B08FCKD62D	[8, 0, 10, 4, 0, 1, 1, 0, 0, 0]
B07ZNX6F26	[0, 0, 0, 0, 0, 0, 0, 0, 0, 0]
B07S7B8L81	[0, 0, 1, 3, 0, 1, 0, 0, 0, 0]
B08SMNCX1T	[7, 4, 3, 5, 0, 3, 1, 3, 4, 0]
B07N6GVBG1	[1, 1, 1, 4, 0, 1, 0, 0, 0, 0]
B07V5MH6DS	[0, 0, 2, 2, 0, 1, 1, 0, 0, 0]
B085VL8N2B	[3, 4, 3, 3, 1, 1, 0, 2, 1, 0]
B01LZJ8S4R	[13, 15, 11, 6, 1, 3, 2, 1, 1, 1]
B08W7W41TW	[0, 1, 4, 6, 0, 2, 0, 1, 1, 0]
B07JBL3DQH	[5, 2, 23, 4, 2, 2, 0, 1, 1, 0]
B08L3ZLWQC	[0, 0, 0, 0, 0, 0, 0, 0, 0, 0]
B07QP7RDHD	[0, 0, 0, 0, 0, 1, 1, 0, 0, 0]
B07PB4R92L	[1, 0, 4, 7, 0, 0, 0, 0, 1, 0]
B07PJR3PL7	[1, 0, 2, 0, 0, 0, 0, 0, 0, 0]
B081TBDW4Y	[3, 0, 4, 2, 1, 0, 1, 0, 0, 0]
B09MJSPHLB	[0, 0, 2, 0, 0, 0, 0, 0, 0, 0]
B08HM82HPF	[0, 0, 0, 0, 0, 0, 0, 0, 0, 0]
B09JCHJ5ZN	[7, 2, 15, 7, 3, 1, 3, 0, 0, 0]
B08FT9QYYY	[12, 2, 18, 4, 2, 7, 2, 0, 1, 0]
B07M92YD7W	[7, 2, 3, 0, 0, 0, 1, 0, 0, 0]
B08CL1SF7Y	[1, 0, 3, 8, 0, 1, 0, 0, 0, 0]
B075DXQFHN	[1, 0, 2, 1, 0, 0, 0, 0, 0, 0]
B07VKJKYM6	[19, 7, 10, 3, 0, 4, 2, 0, 1, 0]
B07YDTR9CJ	[3, 0, 0, 0, 0, 0, 0, 0, 0, 0]
B07G6ZJYTD	[7, 0, 3, 4, 1, 1, 1, 0, 0, 0]
B088BC3Z87	[3, 0, 5, 2, 1, 0, 1, 0, 0, 0]
B07PRWQYJM	[1, 1, 3, 6, 0, 0, 0, 0, 0, 0]
B086M4LJNK	[5, 1, 7, 9, 0, 3, 0, 0, 0, 0]
B09732M4G5	[1, 0, 2, 1, 0, 0, 0, 0, 0, 0]
B074JFG2B2	[1, 3, 5, 4, 1, 2, 2, 0, 0, 1]
B088NJY3YZ	[3, 4, 4, 1, 0, 1, 1, 0, 1, 0]
B07S7XXB16	[1, 4, 6, 20, 0, 1, 0, 0, 0, 1]
B07YSR98BB	[4, 0, 6, 5, 0, 2, 1, 0, 1, 0]
B07PG9YPL8	[6, 0, 1, 0, 0, 0, 0, 0, 0, 0]
B088R8W8YR	[3, 0, 5, 2, 1, 0, 1, 0, 0, 0]
B07449W67H	[5, 0, 3, 3, 1, 2, 2, 0, 0, 0]
B09RQWN1ZZ	[1, 1, 8, 9, 0, 1, 0, 0, 0, 0]
B06ZY9KFFK	[2, 0, 2, 0, 0, 0, 1, 0, 0, 0]
B01NBOTEBW	[6, 2, 13, 5, 0, 3, 1, 0, 0, 0]
B07NWWSJDP	[0, 0, 0, 0, 0, 0, 0, 0, 0, 0]
B07QR7489S	[2, 0, 7, 11, 1, 0, 1, 0, 0, 0]
B087WY18SC	[3, 0, 5, 2, 1, 0, 1, 0, 0, 0]
B08FJ9YVPR	[7, 4, 3, 5, 0, 3, 1, 3, 4, 0]
B09G3CMZGT	[3, 1, 4, 2, 0, 0, 2, 1, 0, 0]
B07QPVZ7XC	[2, 0, 7, 11, 1, 0, 1, 0, 0, 0]
B07TT6YRRV	[0, 2, 0, 3, 0, 0, 0, 0, 0, 0]
B088B5DYW2	[3, 0, 5, 2, 1, 0, 1, 0, 0, 0]
B07XBSD9ZD	[0, 0, 0, 0, 0, 0, 0, 0, 0, 0]
B09J57JL3P	[0, 5, 5, 9, 2, 2, 2, 1, 2, 1]
B01N0EF67B	[7, 4, 12, 5, 1, 5, 0, 1, 1, 0]
B091QC8H82	[3, 0, 4, 2, 1, 0, 1, 0, 0, 0]
B08158XQF1	[0, 0, 0, 2, 0, 1, 1, 0, 0, 0]
B07Y82NRFS	[3, 0, 4, 2, 1, 0, 1, 0, 0, 0]
B07TKNKLNL	[16, 4, 32, 11, 2, 2, 4, 3, 2, 3]
B08KSKS8Z5	[3, 0, 4, 2, 1, 0, 1, 0, 0, 0]
B06Y3PSHQ3	[0, 0, 0, 0, 0, 0, 0, 0, 0, 0]
B08FMVF336	[1, 0, 1, 3, 0, 0, 0, 0, 1, 1]
B08PKW11FT	[0, 3, 10, 0, 0, 5, 0, 0, 0, 0]
B087Z259DS	[3, 0, 5, 2, 1, 0, 1, 0, 0, 0]
B09K27S3QF	[2, 1, 4, 5, 0, 1, 0, 1, 2, 0]
B07BMVPY9N	[1, 1, 6, 0, 0, 4, 0, 0, 1, 0]
B08L3FDRK9	[13, 4, 16, 7, 3, 6, 5, 1, 2, 1]
B083C18GF4	[0, 0, 1, 0, 0, 0, 0, 0, 0, 0]
B08HZCMSHC	[1, 1, 1, 3, 0, 0, 0, 0, 1, 0]
B099JK44XH	[0, 0, 0, 3, 0, 0, 0, 0, 0, 0]
B07K2VX5TP	[1, 4, 6, 20, 0, 1, 0, 0, 0, 1]
B07RVHZLVL	[1, 6, 10, 23, 1, 0, 1, 0, 0, 0]
B093GDYZVN	[1, 3, 15, 3, 0, 1, 1, 0, 2, 0]
B091QCHXVW	[3, 0, 4, 2, 1, 0, 1, 0, 0, 0]
B095PJWB39	[3, 0, 4, 2, 1, 0, 1, 0, 0, 0]
B08BF1X6W2	[2, 0, 9, 9, 1, 0, 3, 0, 0, 0]
B08QW7ZF8B	[3, 0, 6, 2, 0, 0, 0, 0, 0, 0]
B08CZXBL45	[0, 0, 0, 1, 1, 1, 0, 0, 0, 0]
B07P9V2X82	[1, 4, 6, 20, 0, 1, 0, 0, 0, 1]
B07NK766W7	[1, 0, 2, 1, 0, 0, 1, 0, 0, 0]
B094WFXS2B	[3, 0, 4, 0, 1, 2, 0, 1, 0, 0]
B08DMKHN1K	[4, 1, 5, 2, 1, 2, 0, 0, 0, 0]
B078JZM5QR	[1, 0, 4, 1, 0, 0, 1, 0, 0, 1]
B08YNY819B	[3, 2, 9, 3, 0, 1, 0, 0, 0, 0]
B09F66L5X3	[18, 3, 18, 8, 1, 1, 2, 0, 1, 1]
B087WMPRWH	[3, 0, 5, 2, 1, 0, 1, 0, 0, 0]
B09MLS6F6J	[8, 5, 16, 7, 1, 3, 4, 1, 1, 0]
B08LVM1R6L	[7, 2, 3, 3, 0, 0, 0, 1, 1, 0]
B088BXSB6J	[3, 0, 5, 2, 1, 0, 1, 0, 0, 0]
B07G19L52X	[1, 0, 4, 6, 1, 2, 2, 1, 0, 0]
B07GWZFSC1	[19, 7, 9, 3, 0, 4, 2, 0, 1, 0]
B07NJ8BZBD	[0, 0, 3, 0, 0, 0, 0, 0, 0, 0]
B07KW6N3BQ	[0, 0, 0, 0, 0, 0, 0, 0, 0, 0]
B07L66BFF9	[1, 0, 0, 0, 0, 0, 0, 0, 0, 0]
B0964G8SKJ	[3, 0, 4, 2, 1, 0, 1, 0, 0, 0]
B093Y66DMG	[0, 1, 0, 0, 0, 0, 0, 0, 0, 0]
B08DN46X8T	[17, 13, 11, 11, 0, 1, 3, 3, 1, 0]
B085WRF96P	[5, 3, 11, 5, 1, 3, 1, 1, 1, 0]
B07981JQ4F	[12, 5, 19, 3, 2, 8, 5, 7, 8, 6]
B07CR5DS15	[7, 0, 4, 2, 1, 0, 3, 1, 0, 0]
B09738VF9P	[0, 0, 0, 0, 0, 0, 0, 0, 0, 0]
B07VM98875	[1, 0, 0, 1, 0, 0, 0, 0, 0, 0]
B0841HVH5L	[0, 0, 2, 0, 0, 0, 0, 0, 0, 0]
B07KKL37KG	[0, 0, 1, 4, 0, 1, 0, 0, 0, 0]
B08YM3CHRG	[0, 0, 1, 0, 0, 0, 0, 0, 0, 0]
B07KQ41MQS	[11, 0, 5, 3, 0, 2, 2, 0, 0, 0]
B07J6Q67MY	[2, 0, 1, 6, 0, 0, 0, 0, 0, 1]
B07JZ6FB9L	[15, 10, 39, 9, 1, 7, 2, 1, 1, 0]
B095PHJT4X	[3, 0, 4, 2, 1, 0, 1, 0, 0, 0]
B07P6M9NPG	[0, 0, 0, 2, 0, 1, 1, 0, 0, 0]
B0976SYQ84	[5, 0, 6, 3, 2, 0, 1, 0, 0, 0]
B07CNWG478	[9, 2, 8, 2, 0, 3, 0, 0, 0, 0]
B07YSMVZZP	[1, 2, 4, 2, 1, 1, 2, 1, 1, 0]
B07MJH2SHD	[0, 0, 0, 1, 0, 0, 0, 0, 0, 0]
B07HFDPTCB	[1, 0, 0, 1, 0, 0, 0, 0, 0, 0]
B07ZVTXJVG	[1, 0, 4, 5, 1, 2, 2, 0, 0, 1]
B08RJMSZVQ	[2, 4, 4, 5, 1, 1, 0, 0, 0, 0]
B087WNTLXC	[3, 0, 5, 2, 1, 0, 1, 0, 0, 0]
B089H213H9	[10, 0, 5, 6, 0, 1, 1, 0, 0, 0]
B07MPVTH1S	[0, 0, 0, 0, 0, 0, 0, 0, 0, 0]
B083P43YP9	[3, 0, 4, 3, 1, 0, 1, 0, 0, 0]
B07QXT6WSQ	[1, 2, 1, 2, 0, 1, 0, 0, 0, 0]
B07H2LCFBP	[0, 0, 0, 0, 0, 0, 0, 0, 0, 0]
B09MZSDNQ5	[4, 6, 4, 3, 0, 1, 0, 0, 0, 0]
B07MK8MRG9	[1, 0, 0, 30, 1, 0, 1, 0, 0, 0]
B0881T4GL6	[3, 0, 5, 2, 1, 0, 1, 0, 0, 0]
B08L5Z23QM	[0, 0, 0, 0, 0, 0, 0, 0, 0, 0]
B094QRTQPX	[2, 0, 0, 1, 0, 0, 0, 0, 0, 0]
B07JZB36VM	[0, 0, 0, 2, 0, 0, 0, 0, 0, 0]
B07GBVYT7P	[0, 0, 0, 0, 0, 0, 0, 0, 0, 0]
B07D3BZLNS	[1, 0, 1, 2, 0, 0, 0, 0, 0, 0]
B081K6XGTF	[6, 2, 5, 3, 0, 1, 0, 1, 0, 1]
B07J5KPXFW	[0, 0, 0, 1, 0, 0, 0, 0, 0, 0]
B096N89WPF	[3, 0, 4, 2, 1, 0, 1, 0, 0, 0]
B0842V4W9W	[7, 0, 9, 4, 1, 2, 1, 1, 0, 0]
B095PS4K6V	[3, 0, 4, 2, 1, 0, 1, 0, 0, 0]
B08D6YMLCW	[2, 10, 8, 4, 2, 2, 2, 2, 2, 2]
B075SWQJML	[4, 0, 3, 4, 0, 0, 1, 0, 0, 0]
B07KJDSHT5	[10, 15, 13, 3, 0, 0, 0, 1, 1, 0]
B084SVK45C	[6, 5, 13, 6, 1, 2, 0, 0, 1, 1]
B07FMGYBMF	[0, 0, 0, 0, 0, 0, 0, 0, 0, 0]
B09DMZDTQ5	[4, 6, 6, 4, 1, 2, 0, 2, 1, 0]
B071J7L6G1	[5, 3, 16, 6, 0, 1, 1, 4, 1, 1]
B08F7YHSFX	[6, 2, 3, 3, 0, 1, 1, 0, 0, 0]
B08NMRGZV9	[24, 6, 23, 9, 0, 3, 2, 10, 1, 1]
B09PGL2C9N	[0, 0, 0, 1, 0, 0, 1, 0, 0, 0]
B07TS1SQBD	[1, 2, 2, 3, 0, 0, 1, 0, 2, 0]
B07YSD9529	[0, 0, 0, 1, 0, 0, 0, 0, 0, 0]
B083LXZB6L	[0, 0, 1, 0, 0, 0, 0, 0, 0, 0]
B0722MF852	[1, 0, 2, 1, 0, 0, 0, 0, 0, 0]
B097SV4MPR	[3, 5, 11, 4, 1, 2, 2, 0, 1, 0]
B07KZX8L37	[0, 0, 0, 1, 0, 0, 0, 0, 0, 0]
B075Q8G7VT	[1, 0, 2, 1, 0, 0, 0, 0, 0, 0]
B07PB33NR9	[0, 1, 0, 42, 0, 0, 0, 0, 0, 0]
B088G2W4GB	[3, 0, 5, 2, 1, 0, 1, 0, 0, 0]
B09KYBZQML	[1, 1, 2, 1, 1, 1, 0, 0, 1, 0]
B07R7W2LH5	[0, 0, 0, 0, 0, 0, 0, 0, 0, 0]
B09JCC6RD1	[7, 3, 12, 7, 0, 3, 0, 1, 1, 0]
B08S7R4LKQ	[0, 0, 0, 39, 0, 0, 0, 0, 0, 0]
B085VFN53N	[43, 2, 14, 11, 2, 1, 2, 1, 0, 0]
B07LBZKJJ5	[1, 0, 0, 0, 0, 0, 0, 0, 0, 0]
B0955KQLWW	[3, 0, 4, 2, 1, 0, 1, 0, 0, 0]
B07NL8SR1V	[1, 4, 6, 20, 0, 1, 0, 0, 0, 1]
B097PT4SR8	[0, 1, 0, 0, 0, 0, 0, 0, 0, 0]
B09JBNYGLQ	[1, 0, 1, 6, 0, 0, 1, 0, 1, 0]
B07TWRKJRW	[6, 0, 2, 4, 0, 2, 1, 0, 0, 0]
B084ZPDL1N	[0, 0, 0, 0, 0, 0, 0, 0, 0, 0]
B06WW9MGCP	[1, 0, 6, 2, 0, 1, 2, 0, 0, 0]
B075Z5DJGV	[11, 2, 4, 7, 2, 3, 0, 0, 0, 0]
B07VGWTP4X	[19, 7, 10, 3, 0, 4, 2, 0, 1, 0]
B08BLNTCZG	[6, 2, 2, 3, 0, 2, 0, 0, 1, 0]
B07XSX8H7N	[17, 2, 18, 8, 4, 1, 4, 1, 2, 1]
B075XRN21X	[0, 0, 0, 0, 0, 0, 0, 0, 0, 0]
B07HQ59LPD	[0, 0, 1, 0, 0, 0, 1, 0, 0, 0]
B09L17M1YK	[5, 2, 7, 3, 0, 0, 1, 0, 2, 0]
B07NWN17PK	[3, 0, 5, 3, 0, 0, 0, 0, 0, 0]
B07QJCQP7F	[1, 2, 10, 7, 1, 4, 3, 4, 2, 1]
B07NHKSWB3	[1, 2, 1, 2, 0, 1, 0, 0, 0, 0]
B083QQ886C	[2, 0, 7, 6, 0, 0, 0, 0, 0, 0]
B09TL4XZ1L	[6, 1, 3, 11, 0, 2, 2, 0, 1, 2]
B07HNR5H7Y	[2, 0, 0, 0, 0, 1, 0, 0, 0, 0]
B09372N3T2	[6, 3, 8, 3, 1, 3, 0, 1, 1, 0]
B07XDGPDB2	[6, 3, 8, 5, 1, 5, 1, 1, 1, 0]
B07NS1485R	[18, 4, 28, 21, 0, 4, 1, 3, 0, 2]
B0983XZKBB	[3, 0, 5, 2, 1, 0, 1, 0, 0, 0]
B08BZP1M1G	[6, 4, 7, 2, 0, 3, 0, 0, 0, 0]
B08NDD6TWZ	[2, 0, 10, 5, 3, 3, 0, 0, 0, 0]
B07DW5NM5G	[3, 3, 10, 8, 0, 1, 1, 0, 0, 0]
B084KX35BR	[0, 0, 0, 1, 0, 0, 0, 0, 0, 0]
B07B973X4M	[0, 0, 0, 0, 0, 0, 0, 0, 0, 0]
B08Q8GQ33H	[2, 0, 2, 1, 0, 0, 0, 0, 0, 0]
B01N45NYH7	[4, 0, 1, 2, 0, 0, 2, 0, 0, 0]
B0811Z6J4L	[3, 0, 5, 2, 1, 0, 1, 0, 0, 0]
B0823ZYMKB	[10, 5, 1, 0, 0, 2, 0, 0, 1, 0]
B07M66FJGH	[7, 2, 3, 0, 0, 0, 1, 0, 0, 0]
B071Y5FT56	[3, 1, 2, 1, 0, 0, 0, 1, 0, 1]
B07DDKB34F	[0, 0, 0, 0, 0, 0, 0, 0, 0, 0]
B07K7HQZ6R	[0, 5, 6, 7, 1, 2, 1, 0, 1, 0]
B082VD9PBB	[1, 0, 3, 1, 0, 0, 1, 0, 1, 0]
B08Q8DCZ9S	[2, 0, 2, 1, 0, 0, 0, 0, 0, 0]
B099965VX1	[4, 6, 6, 4, 1, 2, 0, 2, 1, 0]
B091RZY79W	[3, 0, 4, 2, 1, 0, 1, 0, 0, 0]
B09NYJ11ND	[8, 6, 17, 8, 1, 3, 5, 1, 1, 0]
B07F163VZS	[2, 7, 9, 5, 0, 2, 1, 5, 1, 1]
B06Y1G2L7P	[0, 0, 0, 2, 0, 0, 0, 0, 0, 0]
B07GK3QV7T	[20, 8, 8, 5, 2, 4, 2, 0, 2, 0]
B095PHB9L8	[3, 0, 4, 2, 1, 0, 1, 0, 0, 0]
B097H254FP	[3, 3, 10, 8, 0, 1, 1, 0, 0, 0]
B078RQSFKB	[21, 5, 15, 1, 0, 1, 0, 0, 0, 0]
B08KWKSC76	[2, 4, 4, 5, 1, 1, 0, 0, 0, 0]
B075KC2R2F	[0, 0, 1, 1, 0, 0, 0, 0, 0, 0]
B084BTY2FM	[0, 0, 0, 2, 0, 0, 0, 0, 0, 0]
B07GB67KP3	[1, 3, 4, 2, 0, 2, 2, 0, 1, 0]
B07XTFSTYH	[0, 1, 2, 1, 0, 0, 0, 0, 0, 0]
B07Z3L2KN2	[0, 0, 0, 1, 0, 0, 0, 0, 0, 0]
B07PZ5YDJR	[1, 0, 1, 3, 0, 0, 0, 0, 0, 0]
B07ZH9R8P3	[3, 0, 4, 2, 0, 1, 0, 0, 0, 0]
B07VWRHM3L	[5, 3, 11, 4, 1, 3, 1, 1, 1, 0]
B07HR9CW1Y	[0, 0, 0, 0, 0, 0, 0, 0, 0, 0]
B07W6RSJG4	[0, 0, 0, 0, 0, 0, 0, 0, 0, 0]
B08RW4KLMV	[3, 0, 0, 0, 0, 1, 0, 0, 0, 0]
B07JW55PBF	[1, 0, 2, 6, 0, 0, 0, 0, 1, 0]
B07F9Y245J	[6, 1, 5, 8, 2, 4, 3, 0, 1, 1]
B08L5GNMX5	[0, 0, 0, 0, 0, 0, 0, 0, 0, 0]
B07KM86DHM	[1, 0, 0, 3, 0, 0, 0, 0, 0, 0]
B07GZHDH5J	[0, 3, 3, 1, 0, 0, 0, 0, 1, 0]
B07MNFRKCP	[0, 0, 2, 0, 0, 0, 0, 0, 0, 0]
B0964HNB4F	[3, 0, 4, 2, 1, 0, 1, 0, 0, 0]
B07HWZDGRF	[2, 0, 4, 1, 0, 1, 1, 1, 0, 0]
B07HHFM8ZJ	[15, 3, 18, 2, 2, 3, 3, 0, 0, 0]
B08S7B48GW	[3, 0, 4, 2, 1, 0, 1, 0, 0, 0]
B07JLXCX94	[1, 1, 4, 7, 0, 1, 0, 1, 0, 0]
B084WNPLPW	[1, 0, 0, 29, 1, 0, 1, 0, 0, 0]
B083VZL26B	[7, 2, 11, 4, 0, 1, 0, 1, 0, 1]
B09LBFG93L	[4, 4, 1, 3, 0, 1, 1, 0, 0, 0]
B07T34TQJF	[1, 1, 3, 8, 0, 1, 0, 1, 0, 0]
B07TZR1R24	[0, 0, 0, 0, 0, 0, 0, 0, 0, 0]
B07NNVKJDX	[13, 0, 18, 2, 0, 0, 2, 0, 0, 0]
B07L131NBN	[0, 0, 0, 1, 0, 0, 0, 0, 0, 0]
B08YDGK6XB	[4, 0, 8, 3, 1, 0, 0, 1, 0, 0]
B09CTB9K49	[9, 6, 9, 8, 3, 3, 1, 0, 2, 0]
B086TPQPXM	[2, 0, 8, 2, 0, 1, 0, 0, 0, 0]
B098TQ449W	[1, 2, 6, 5, 0, 2, 0, 2, 1, 0]
B084RLMVZX	[6, 4, 17, 4, 0, 0, 2, 3, 0, 0]
B09FDL7P7V	[8, 6, 17, 6, 1, 3, 5, 1, 1, 0]
B08D6Y764X	[1, 0, 2, 1, 0, 0, 0, 0, 0, 0]
B07SQFR8TS	[2, 0, 7, 11, 1, 0, 1, 0, 0, 0]
B0881LCJ13	[3, 0, 5, 2, 1, 0, 1, 0, 0, 0]
B076X3ML83	[5, 6, 9, 1, 0, 5, 2, 2, 3, 0]
B07MTLG7PP	[5, 0, 6, 7, 0, 0, 1, 1, 0, 0]
B089FS58N6	[1, 0, 3, 6, 0, 1, 1, 0, 0, 0]
B07LG75B21	[1, 0, 0, 0, 0, 0, 0, 0, 0, 0]
B0963M9LRR	[4, 0, 3, 2, 0, 0, 0, 1, 0, 0]
B0962F5TNT	[9, 1, 15, 0, 1, 3, 3, 1, 1, 0]
B09H7697CD	[18, 1, 9, 3, 0, 1, 1, 0, 1, 1]
B08D6ZCMB3	[1, 0, 2, 1, 0, 0, 0, 0, 0, 0]
B08HZC9H44	[3, 0, 4, 2, 1, 0, 1, 0, 0, 0]
B07MGHQ45Y	[2, 0, 0, 0, 0, 0, 0, 0, 0, 0]
B07PVZGFWS	[1, 0, 3, 5, 0, 0, 0, 0, 0, 0]
B08HGLKT57	[4, 2, 7, 4, 1, 2, 0, 2, 1, 0]
B07JLT2P3F	[10, 0, 2, 0, 0, 0, 1, 0, 0, 0]
B07172DN5V	[4, 0, 0, 2, 0, 0, 0, 0, 0, 0]
B09L9WDD15	[1, 0, 3, 4, 0, 1, 2, 0, 0, 0]
B07ZPWBP9T	[4, 3, 5, 6, 1, 4, 2, 2, 0, 0]
B098QX42DX	[1, 0, 1, 1, 0, 1, 0, 0, 0, 0]
B0985R9PDY	[3, 0, 5, 2, 1, 0, 1, 0, 0, 0]
B086R5HPX8	[0, 0, 0, 1, 0, 0, 0, 0, 0, 0]
B083JJ4LZG	[3, 0, 4, 3, 1, 0, 1, 0, 0, 0]
B07NPL2HYF	[2, 0, 11, 17, 1, 4, 2, 2, 2, 0]
B0821GPX6T	[10, 2, 20, 7, 1, 2, 5, 0, 0, 0]
B08154NQWD	[0, 0, 2, 1, 0, 0, 0, 0, 0, 0]
B09MHX177W	[3, 1, 9, 8, 0, 0, 1, 0, 1, 0]
B07WGFB3R2	[24, 3, 25, 1, 0, 6, 0, 0, 0, 0]
B08GMBBHHV	[0, 1, 0, 0, 0, 0, 0, 0, 0, 0]
B07K9QQTWZ	[1, 1, 3, 15, 0, 0, 0, 0, 0, 0]
B08DRPHFYB	[1, 0, 10, 4, 0, 0, 0, 0, 0, 0]
B08L3DT6Q7	[8, 1, 3, 7, 0, 2, 0, 0, 0, 0]
B0857HNH3R	[6, 3, 5, 11, 1, 2, 1, 0, 1, 0]
B092HL21T5	[4, 0, 7, 5, 0, 1, 1, 0, 0, 0]
B07W7Q3WZ6	[0, 2, 4, 2, 1, 2, 0, 0, 0, 1]
B081G84N5X	[3, 0, 10, 1, 2, 0, 1, 0, 0, 0]
B07PX1PCKZ	[0, 0, 0, 0, 0, 0, 0, 0, 0, 0]
B088BLWMZW	[3, 0, 5, 2, 1, 0, 1, 0, 0, 0]
B07JJWNQT5	[4, 4, 11, 3, 0, 1, 1, 0, 1, 0]
B07CYY6ZTC	[1, 1, 4, 7, 0, 1, 0, 1, 0, 0]
B08ZY11F1K	[7, 0, 2, 1, 1, 4, 2, 1, 1, 0]
B07WP6D63F	[2, 0, 7, 6, 0, 0, 0, 0, 0, 0]
B09L2FFL9D	[3, 0, 8, 2, 0, 0, 1, 0, 0, 0]
B0881JCZD4	[3, 0, 5, 2, 1, 0, 1, 0, 0, 0]
B09GYQ23D7	[0, 0, 0, 0, 0, 0, 0, 0, 0, 0]
B08S6W5HBD	[6, 5, 20, 7, 1, 3, 3, 1, 1, 0]
B01N03FUSI	[3, 0, 5, 2, 0, 1, 0, 0, 0, 0]
B07JM7WXLD	[2, 0, 2, 0, 0, 0, 0, 0, 0, 0]
B07X6247Q5	[0, 0, 0, 0, 0, 0, 0, 0, 0, 0]
B07QQ26512	[0, 0, 2, 1, 0, 0, 0, 0, 0, 0]
B07S2DKT4D	[0, 1, 0, 33, 0, 0, 0, 0, 0, 0]
B08KXZZZ9D	[2, 3, 3, 7, 0, 0, 1, 0, 0, 0]
B08158H2FY	[1, 0, 4, 5, 1, 2, 2, 0, 0, 1]
B098BQH81R	[3, 0, 0, 0, 0, 1, 0, 0, 0, 0]
B0854PTZCG	[2, 0, 7, 11, 1, 0, 1, 0, 0, 0]
B09HST8J1H	[0, 0, 0, 0, 0, 0, 0, 0, 0, 0]
B095PY4TF5	[3, 0, 4, 2, 1, 0, 1, 0, 0, 0]
B085NJWD1P	[6, 1, 6, 0, 0, 4, 2, 0, 0, 1]
B07HJ385JB	[5, 1, 3, 7, 0, 0, 0, 1, 0, 0]
B09SM47BZJ	[1, 0, 0, 28, 1, 0, 1, 0, 0, 0]
B01EJJFWV4	[9, 4, 7, 4, 1, 2, 3, 1, 0, 2]
B09R37WH52	[10, 2, 10, 5, 3, 1, 3, 0, 0, 0]
B095PPSC7V	[3, 0, 4, 2, 1, 0, 1, 0, 0, 0]
B0881JY728	[3, 0, 5, 2, 1, 0, 1, 0, 0, 0]
B07MSBRRWR	[0, 0, 0, 0, 0, 0, 0, 0, 0, 0]
B07MQB5N8L	[2, 1, 1, 3, 0, 2, 0, 0, 0, 0]
B0799QVSCY	[8, 2, 13, 5, 0, 3, 0, 0, 0, 0]
B09NDN3LVB	[0, 5, 1, 13, 0, 0, 0, 0, 0, 0]
B083SR42BQ	[0, 0, 0, 0, 0, 0, 0, 0, 0, 0]
B09GT3CCVJ	[0, 1, 0, 0, 0, 0, 0, 0, 0, 0]
B09S5XRSKR	[4, 6, 4, 3, 0, 1, 0, 0, 0, 0]
B07GB4ZLZL	[1, 3, 4, 2, 0, 2, 2, 0, 1, 0]
B07YVL1RVL	[13, 2, 9, 13, 2, 2, 1, 1, 1, 0]
B088BHHKL9	[3, 0, 5, 2, 1, 0, 1, 0, 0, 0]
B07PRXZX61	[0, 0, 1, 0, 0, 0, 0, 0, 0, 0]
B07YG122YC	[2, 0, 2, 2, 0, 0, 1, 0, 0, 0]
B09CPTLM7J	[0, 1, 0, 0, 0, 0, 0, 0, 0, 0]
B08BJS187F	[0, 0, 0, 1, 0, 0, 0, 0, 0, 0]
B075Q4TT5J	[4, 0, 3, 4, 0, 0, 1, 0, 0, 0]
B0873564Q6	[8, 2, 5, 2, 0, 0, 0, 0, 0, 0]
B06ZYCJJQS	[43, 17, 38, 11, 1, 0, 2, 1, 1, 1]
B07ZHBXZF8	[3, 0, 4, 2, 0, 1, 0, 0, 0, 0]
B078SJSKFN	[10, 0, 4, 4, 1, 4, 4, 0, 0, 0]
B07YG68PG9	[4, 5, 20, 8, 0, 4, 2, 0, 0, 0]
B0772J1QKB	[8, 0, 2, 1, 0, 0, 0, 0, 0, 0]
B08PL3P9QR	[2, 0, 7, 11, 1, 0, 1, 0, 0, 0]
B01CH4BP28	[19, 4, 23, 9, 0, 7, 1, 1, 0, 1]
B082G6X9RX	[2, 1, 3, 4, 0, 0, 0, 0, 2, 0]
B075GHHW5X	[1, 0, 2, 1, 0, 0, 0, 0, 0, 0]
B09NM9YN5W	[3, 0, 5, 2, 0, 0, 0, 0, 0, 0]
B07Z5BB1GH	[3, 0, 4, 2, 1, 0, 1, 0, 0, 0]
B095PMKLZD	[3, 0, 4, 2, 1, 0, 1, 0, 0, 0]
B09JSV35D8	[8, 6, 17, 7, 1, 3, 5, 1, 1, 0]
B08TCD4X6W	[0, 6, 16, 13, 0, 1, 1, 0, 1, 0]
B08TCJB2RB	[1, 0, 2, 2, 0, 0, 0, 0, 0, 0]
B07QJ29YNL	[9, 0, 5, 0, 0, 1, 0, 0, 0, 0]
B06XHZ46XG	[1, 0, 0, 0, 0, 0, 0, 0, 0, 0]
B08H7Y68HS	[0, 0, 0, 0, 0, 0, 0, 0, 0, 0]
B08BNBKRZW	[2, 1, 1, 29, 1, 1, 1, 0, 0, 0]
B07N75NVKP	[3, 0, 8, 2, 0, 0, 0, 0, 0, 0]
B088FNDRV8	[3, 0, 5, 2, 1, 0, 1, 0, 0, 0]
B01MG6DAYB	[2, 0, 1, 1, 0, 0, 1, 0, 0, 0]
B09KCS9RY1	[2, 1, 5, 3, 0, 1, 0, 0, 0, 0]
B082G3CXBT	[0, 0, 1, 5, 0, 0, 0, 0, 0, 0]
B07G45KFHK	[10, 0, 5, 6, 0, 1, 1, 0, 0, 0]
B099FHDGWS	[5, 2, 11, 6, 1, 2, 1, 1, 1, 0]
B095PPGGB2	[3, 0, 4, 2, 1, 0, 1, 0, 0, 0]
B08GL18ZCB	[0, 0, 0, 0, 0, 0, 0, 0, 0, 0]
B07HJ3JTNW	[5, 1, 3, 7, 0, 0, 0, 1, 0, 0]
B072N52K5Y	[5, 2, 3, 2, 1, 2, 0, 0, 0, 0]
B07YSPYVN3	[3, 3, 2, 2, 0, 0, 3, 0, 0, 0]
B07SRD7PLB	[0, 0, 0, 1, 0, 0, 0, 0, 0, 0]
B0983V7VJN	[3, 0, 5, 2, 1, 0, 1, 0, 0, 0]
B0987S3H3S	[3, 0, 5, 2, 1, 0, 1, 0, 0, 0]
B07DP5Y448	[0, 5, 1, 5, 0, 0, 0, 1, 0, 0]
B084P6855P	[2, 2, 7, 2, 1, 0, 0, 1, 0, 1]
B086QZF56X	[4, 1, 7, 8, 0, 2, 1, 1, 1, 0]
B079P7DZ4D	[3, 0, 2, 1, 0, 1, 0, 0, 0, 0]
B06XWNGRRL2	[4, 6, 4, 11, 2, 3, 3, 5, 3, 0]
B08VJJMQW4	[4, 0, 3, 2, 0, 0, 0, 1, 0, 0]
B07Z87FGLS	[0, 0, 0, 0, 0, 0, 0, 0, 0, 0]
B078HQ513D	[3, 2, 6, 1, 0, 1, 1, 0, 0, 1]
B09TKQFBDC	[1, 0, 0, 0, 0, 0, 0, 1, 0, 0]
B082VGYKPR	[3, 1, 4, 2, 0, 2, 0, 0, 1, 0]
B089B63TPG	[1, 1, 4, 5, 0, 1, 1, 0, 1, 0]
B08SHHS8JZ	[8, 0, 10, 4, 0, 1, 1, 0, 0, 0]
B07JMJ3WRV	[1, 0, 2, 1, 0, 0, 0, 0, 0, 0]
B08DXW7F7T	[8, 5, 13, 5, 2, 6, 2, 1, 3, 0]
B08964KXS9	[3, 0, 8, 2, 0, 0, 0, 0, 0, 0]
B07VPVZL9Q	[1, 3, 5, 1, 0, 1, 0, 0, 0, 1]
B01FB6A31I	[6, 0, 7, 1, 0, 2, 1, 0, 0, 0]
B06XPP135L	[3, 1, 4, 1, 0, 3, 0, 0, 1, 0]
B07CTSNCDG	[0, 0, 1, 8, 0, 0, 0, 0, 0, 0]
B07VFKQKZC	[2, 0, 7, 11, 1, 0, 1, 0, 0, 0]
B095PR4CRF	[3, 0, 4, 2, 1, 0, 1, 0, 0, 0]
B089FPRK4B	[0, 0, 1, 4, 0, 0, 0, 0, 0, 0]
B06X3X121G	[5, 3, 12, 4, 1, 3, 1, 1, 1, 0]
B089WHTHXX	[2, 0, 7, 11, 1, 0, 1, 0, 0, 0]
B08DJDPD8K	[3, 0, 5, 2, 1, 0, 1, 0, 0, 0]
B088RGRGYL	[3, 0, 5, 2, 1, 0, 1, 0, 0, 0]
B082P3BFCF	[0, 0, 0, 0, 0, 0, 0, 0, 0, 0]
B08QJNGVMH	[3, 5, 10, 7, 0, 0, 2, 3, 0, 1]
B0881SNXR6	[3, 0, 5, 2, 1, 0, 1, 0, 0, 0]
B09LYYRLQS	[2, 0, 1, 1, 0, 2, 0, 0, 0, 0]
B098YZGYJQ	[0, 1, 0, 60, 0, 0, 0, 0, 0, 0]
B0756V9CYL	[1, 0, 2, 1, 0, 0, 0, 0, 0, 0]
B08DTDDPTG	[15, 5, 10, 6, 0, 3, 0, 1, 1, 0]
B08TFM1Q4P	[1, 1, 4, 13, 1, 0, 1, 2, 0, 1]
B08D8ZC6PF	[7, 1, 16, 4, 0, 1, 2, 0, 1, 1]
B09B4GFVMQ	[0, 0, 0, 1, 0, 0, 0, 0, 0, 0]
B07M8DDKBK	[0, 0, 1, 0, 0, 0, 0, 0, 0, 0]
B07VHJ4Z55	[2, 2, 3, 1, 0, 2, 2, 1, 1, 1]
B087X7FC2Q	[3, 0, 5, 2, 1, 0, 1, 0, 0, 0]
B07YYMLT8D	[23, 7, 20, 14, 1, 3, 6, 2, 2, 1]
B08J8CV5JW	[0, 3, 2, 4, 0, 1, 0, 0, 1, 0]
B07ZFDFHPL	[0, 0, 2, 1, 0, 0, 0, 0, 0, 0]
B08X219G5L	[3, 0, 3, 12, 0, 3, 2, 1, 0, 0]
B07WF87R6L	[10, 2, 15, 3, 0, 1, 2, 0, 0, 0]
B07KT6HJM3	[0, 0, 0, 0, 0, 0, 0, 0, 0, 0]
B0949FJ3PD	[0, 0, 0, 0, 0, 0, 0, 0, 0, 0]
B082W8W65X	[1, 4, 6, 20, 0, 1, 0, 0, 0, 1]
B01HA3HAH0	[6, 4, 8, 10, 2, 2, 1, 1, 2, 1]
B086YWSDQ3	[5, 1, 7, 9, 0, 3, 0, 0, 0, 0]
B08667R388	[0, 0, 0, 0, 0, 0, 0, 0, 0, 0]
B08L9L9VLZ	[0, 0, 0, 0, 0, 0, 0, 0, 0, 0]
B087WYHZFM	[3, 0, 5, 2, 1, 0, 1, 0, 0, 0]
B088RG51TL	[3, 0, 5, 2, 1, 0, 1, 0, 0, 0]
B07JHG5PL6	[0, 2, 3, 5, 0, 1, 0, 0, 1, 0]
B075W6WW4K	[1, 0, 2, 1, 0, 0, 0, 0, 0, 0]
B09M76JVK6	[2, 4, 4, 5, 1, 1, 0, 0, 0, 0]
B07WJ4DXTY	[6, 0, 3, 7, 0, 2, 1, 0, 0, 0]
B08L9STN99	[0, 1, 0, 0, 0, 0, 0, 0, 0, 0]
B07SSX3PFT	[4, 0, 2, 0, 1, 0, 0, 0, 0, 0]
B0881PGZ2D	[3, 0, 5, 2, 1, 0, 1, 0, 0, 0]
B07HN6NFRC	[1, 0, 2, 2, 0, 0, 0, 0, 0, 0]
B06Y12BD1V	[3, 0, 4, 0, 0, 2, 0, 0, 0, 0]
B09FKQWJZ6	[2, 4, 4, 5, 1, 1, 0, 0, 0, 0]
B0959236X9	[3, 0, 4, 2, 1, 0, 1, 0, 0, 0]
B07QKYT9J5	[0, 1, 1, 3, 0, 1, 0, 1, 0, 0]
B0799M5HGM	[6, 3, 3, 2, 1, 1, 1, 1, 1, 1]
B07ZZBQWP6	[1, 4, 6, 20, 0, 1, 0, 0, 0, 1]
B082JXFWL7	[10, 6, 9, 30, 0, 1, 0, 0, 0, 9]
B095BZWLQH	[0, 1, 2, 0, 0, 0, 0, 1, 1, 0]
B07CN8Y9T8	[17, 13, 11, 11, 0, 1, 3, 3, 1, 0]
B07SYZ5NHT	[2, 1, 3, 7, 0, 1, 0, 1, 0, 0]
B09JSQ86RN	[1, 0, 1, 0, 0, 0, 0, 0, 0, 0]
B09J6JKRNH	[5, 1, 7, 9, 0, 3, 0, 0, 0, 0]
B08DRJLSZB	[20, 8, 31, 75, 3, 8, 4, 2, 2, 0]
B07HJ2XMBT	[5, 1, 3, 7, 0, 0, 0, 1, 0, 0]
B07SSX2VLK	[2, 0, 6, 3, 0, 0, 0, 0, 0, 0]
B07R134K2D	[3, 2, 9, 7, 0, 1, 1, 1, 0, 0]
B07T93NVFY	[0, 0, 0, 2, 0, 1, 1, 0, 0, 0]
B07J1YSYFZ	[14, 0, 14, 0, 0, 0, 0, 0, 0, 0]
B082ZSTLCQ	[0, 0, 0, 0, 0, 0, 0, 0, 0, 0]
B09KTMKY7Y	[11, 6, 15, 8, 1, 3, 4, 1, 1, 0]
B085RZNF1B	[3, 0, 4, 3, 0, 1, 0, 0, 0, 0]
B01MR3DKOT	[2, 2, 0, 8, 1, 5, 2, 0, 1, 1]
B097XWLQQ4	[6, 0, 5, 6, 2, 1, 1, 1, 1, 0]
B095PBPQ9X	[3, 0, 4, 2, 1, 0, 1, 0, 0, 0]
B07VP4SX3Y	[6, 3, 3, 4, 0, 1, 0, 0, 0, 0]
B07ZYWHBBM	[2, 0, 1, 6, 0, 0, 0, 0, 0, 1]
B08DK5548R	[3, 0, 5, 2, 1, 0, 1, 0, 0, 0]
B07YZ5BV4L	[1, 0, 1, 1, 0, 0, 1, 1, 1, 0]
B07JVFTHM6	[0, 1, 3, 6, 1, 2, 2, 0, 1, 0]
B0881JSP8J	[3, 0, 5, 2, 1, 0, 1, 0, 0, 0]
B087Q9FFZL	[5, 1, 7, 9, 0, 3, 0, 0, 0, 0]
B088RK8VBY	[3, 0, 5, 2, 1, 0, 1, 0, 0, 0]
B088RJ59R4	[3, 0, 5, 2, 1, 0, 1, 0, 0, 0]
B08SJDRFT6	[0, 0, 0, 0, 0, 0, 0, 0, 0, 0]
B09J1LHJR1	[5, 1, 7, 9, 0, 3, 0, 0, 0, 0]
B093XY7K33	[3, 0, 4, 3, 1, 0, 1, 0, 0, 0]
B08836192K	[3, 0, 5, 2, 1, 0, 1, 0, 0, 0]
B079WLZ9RP	[0, 0, 0, 1, 0, 0, 0, 0, 0, 0]
B08372L9DY	[0, 0, 0, 2, 0, 0, 0, 0, 0, 0]
B07D8PQQ6P	[12, 7, 34, 5, 1, 2, 0, 1, 0, 1]
B08L5D7W1R	[0, 0, 0, 0, 0, 0, 0, 0, 0, 0]
B09CJPBD1Y	[2, 4, 4, 5, 1, 1, 0, 0, 0, 0]
B08V1LQ2J5	[12, 5, 13, 2, 0, 2, 4, 2, 1, 1]
B08CP8X9N2	[3, 2, 8, 5, 0, 2, 6, 0, 6, 2]
B087X5NHCG	[3, 0, 5, 2, 1, 0, 1, 0, 0, 0]
B07FSMB8JJ	[1, 0, 8, 1, 0, 1, 0, 0, 0, 0]
B08HSH8JV9	[0, 1, 1, 2, 0, 0, 0, 1, 0, 0]
B073ZXZ6DL	[2, 0, 0, 7, 0, 4, 0, 0, 0, 0]
B07LGSVFNW	[0, 0, 0, 0, 0, 0, 0, 0, 0, 0]
B0827VFWZP	[10, 5, 1, 0, 0, 2, 0, 0, 1, 0]
B07L9W8RTZ	[14, 3, 21, 4, 0, 0, 1, 1, 1, 1]
B08FCNZPK1	[1, 0, 0, 0, 0, 0, 0, 0, 0, 0]
B071KX1Q9M	[1, 0, 2, 1, 0, 0, 0, 0, 0, 0]
B07LB1XWS4	[0, 0, 0, 0, 0, 1, 1, 0, 0, 0]
B084V56QBC	[6, 1, 5, 2, 2, 0, 1, 1, 0, 0]
B087Q9GHC1	[5, 1, 7, 9, 0, 3, 0, 0, 0, 0]
B07YCR4MCX	[8, 6, 17, 15, 1, 3, 5, 1, 1, 0]
B082Q3CH7P	[0, 0, 0, 0, 0, 0, 0, 0, 0, 0]
B085S4W1NW	[4, 3, 8, 2, 0, 1, 0, 3, 0, 2]
B08FZHTYGT	[0, 1, 0, 43, 0, 0, 0, 0, 0, 0]
B08TDY1MGJ	[6, 1, 10, 12, 1, 5, 2, 0, 0, 0]
B0788RYH6K	[0, 0, 0, 0, 0, 0, 0, 0, 0, 0]
B08BNG1HX9	[8, 3, 26, 33, 0, 1, 3, 1, 2, 0]
B098NHP2XY	[0, 0, 0, 0, 0, 0, 0, 0, 0, 0]
B088RC32WD	[3, 0, 5, 2, 1, 0, 1, 0, 0, 0]
B07JNGMR88	[3, 6, 16, 4, 0, 2, 3, 1, 2, 1]
B081Y13K86	[4, 0, 5, 2, 0, 1, 0, 0, 0, 0]
B089H1DY7J	[1, 0, 1, 1, 0, 2, 1, 0, 0, 0]
B08PJ4N5CM	[3, 0, 2, 0, 0, 0, 0, 0, 0, 0]
B09798RV8F	[4, 4, 6, 3, 2, 2, 1, 0, 1, 0]
B01M2ZATT8	[9, 2, 16, 3, 1, 1, 1, 0, 0, 0]
B07Q2V2RGL	[3, 0, 4, 6, 0, 0, 0, 0, 0, 0]
B07JR6GWC7	[0, 1, 4, 1, 0, 3, 1, 3, 1, 0]
B097YMB3DN	[2, 4, 4, 5, 1, 1, 0, 0, 0, 0]
B07HZ3JZMD	[0, 0, 0, 1, 0, 0, 0, 0, 0, 0]
B088TTQCSG	[0, 1, 0, 1, 0, 1, 0, 0, 0, 0]
B08FJ8MG8K	[0, 0, 4, 1, 0, 0, 0, 0, 0, 0]
B07NLG4R67	[2, 7, 9, 24, 1, 3, 1, 1, 2, 0]
B08R3J4Z62	[5, 3, 11, 6, 1, 3, 1, 1, 1, 0]
B06Y3TH1TB	[1, 0, 2, 1, 0, 0, 0, 0, 0, 0]
B081PCLVV5	[3, 0, 4, 2, 1, 0, 1, 0, 0, 0]
B095QB9K5K	[3, 0, 4, 2, 1, 0, 1, 0, 0, 0]
B07K2DRGYJ	[0, 0, 0, 0, 0, 0, 0, 0, 0, 0]
B098HTN2PY	[2, 0, 3, 3, 0, 0, 1, 0, 0, 0]
B07ZJ8RD17	[1, 2, 0, 0, 0, 0, 0, 0, 0, 0]
B07N1NBKTG	[3, 2, 4, 2, 2, 2, 1, 2, 1, 1]
B07BPR74VX	[3, 0, 5, 2, 0, 1, 0, 0, 0, 0]
B08194L36X	[0, 0, 0, 0, 0, 0, 0, 0, 0, 0]
B08L6JKWBD	[0, 0, 0, 0, 0, 0, 0, 0, 0, 0]
B07VJFW13V	[19, 7, 10, 3, 0, 4, 2, 0, 1, 0]
B095PNM85T	[3, 0, 4, 2, 1, 0, 1, 0, 0, 0]
B07ZZ6XMTM	[0, 0, 0, 0, 0, 0, 0, 0, 0, 0]
B07VB992P2	[11, 3, 10, 10, 2, 2, 2, 1, 1, 0]
B07L9SDP46	[1, 0, 1, 4, 0, 0, 0, 0, 0, 0]
B07SRJZ2X6	[2, 0, 7, 11, 1, 0, 1, 0, 0, 0]
B07NXXJNF9	[0, 0, 0, 2, 0, 0, 0, 0, 0, 0]
B07J51NK2N	[1, 1, 4, 7, 0, 1, 0, 1, 0, 0]
B087TTVLJK	[3, 0, 5, 2, 1, 0, 1, 0, 0, 0]
B08QVFRQ3G	[0, 5, 1, 13, 0, 0, 0, 0, 0, 0]
B07LG8R468	[0, 0, 2, 0, 0, 0, 0, 0, 0, 0]
B085DYXQ86	[0, 0, 0, 2, 0, 0, 0, 0, 0, 0]
B0929C49JY	[3, 0, 4, 2, 1, 0, 1, 0, 0, 0]
B084DJ6ZCD	[0, 0, 0, 0, 0, 0, 0, 0, 0, 0]
B089J7FH52	[1, 0, 1, 1, 0, 2, 1, 0, 0, 0]
B084GSVXZD	[6, 4, 4, 2, 0, 1, 0, 1, 0, 0]
B08RZB4YCM	[5, 3, 5, 3, 1, 3, 0, 2, 2, 0]
B08WPHKGJF	[0, 0, 0, 0, 0, 0, 0, 0, 0, 0]
B08413QSY7	[0, 0, 0, 0, 0, 0, 0, 0, 0, 0]
B07NDFJ3YG	[1, 0, 0, 4, 1, 0, 0, 0, 0, 0]
B08RZ3DDKF	[15, 3, 12, 3, 0, 1, 1, 1, 1, 1]
B07VH46TDC	[2, 1, 3, 3, 0, 1, 0, 0, 0, 0]
B07CRN2LKP	[7, 0, 7, 1, 0, 0, 0, 1, 0, 0]
B07HRR82KM	[3, 3, 5, 1, 0, 0, 0, 1, 0, 0]
B07KSFC66F	[6, 3, 6, 3, 1, 2, 0, 0, 0, 0]
B088RJ29JK	[3, 0, 5, 2, 1, 0, 1, 0, 0, 0]
B071WB521G	[1, 0, 2, 1, 0, 0, 0, 0, 0, 0]
B07HY4L16C	[0, 4, 6, 1, 0, 1, 0, 0, 0, 1]
B07TDCGY6X	[3, 1, 2, 0, 0, 0, 2, 1, 0, 0]
B0881L3G3C	[3, 0, 5, 2, 1, 0, 1, 0, 0, 0]
B07ZTQ5VBN	[2, 0, 1, 6, 0, 0, 0, 0, 0, 1]
B08T9VLC6Y	[1, 0, 3, 1, 0, 0, 1, 0, 1, 0]
B09KT5P6BV	[0, 0, 1, 1, 0, 0, 1, 0, 0, 0]
B07T8PDXH3	[0, 1, 1, 1, 0, 0, 0, 0, 1, 0]
B09FSYHWXT	[2, 0, 3, 8, 0, 1, 0, 0, 1, 0]
B089DLRVXR	[5, 1, 7, 9, 0, 3, 0, 0, 0, 0]
B07NDJJWTY	[10, 0, 6, 6, 1, 1, 1, 0, 0, 0]
B071KMYTQ2	[2, 0, 3, 0, 0, 0, 0, 0, 0, 0]
B09TG19444	[6, 1, 3, 11, 0, 2, 2, 0, 1, 2]
B0881JQ7DB	[3, 0, 5, 2, 1, 0, 1, 0, 0, 0]
B075Q6HQ72	[1, 0, 2, 1, 0, 0, 0, 0, 0, 0]
B09B12DZPD	[4, 2, 9, 6, 0, 1, 0, 2, 0, 1]
B086XDR6N1	[6, 1, 5, 8, 2, 4, 3, 0, 1, 1]
B095PGZGMB	[3, 0, 4, 2, 1, 0, 1, 0, 0, 0]
B07JH1N678	[0, 2, 10, 3, 0, 1, 0, 0, 0, 1]
B09JZG941G	[0, 2, 2, 2, 0, 0, 0, 0, 0, 0]
B075GKBZFP	[1, 0, 2, 1, 0, 0, 0, 0, 0, 0]
B07V24VZG9	[11, 5, 3, 5, 0, 3, 0, 0, 1, 0]
B088BJR4F6	[3, 0, 5, 2, 1, 0, 1, 0, 0, 0]
B07924DBDH	[19, 0, 11, 4, 3, 5, 2, 0, 0, 0]
B09S1BD825	[4, 6, 4, 3, 0, 1, 0, 0, 0, 0]
B09SPXT4BL	[8, 6, 17, 9, 1, 3, 4, 1, 1, 0]
B07NC3RRB5	[0, 0, 1, 1, 0, 1, 0, 0, 0, 1]
B07HDZQJ8P	[7, 3, 7, 2, 0, 1, 1, 0, 0, 0]
B088LT877X	[0, 0, 0, 2, 0, 1, 1, 0, 0, 0]
B07W7RD4WM	[1, 0, 2, 8, 0, 0, 0, 0, 0, 0]
B083JGJ813	[0, 0, 0, 1, 0, 0, 0, 0, 0, 0]
B09M6LXMZL	[1, 0, 1, 1, 0, 3, 0, 0, 0, 0]
B08R68DMDZ	[7, 4, 4, 5, 0, 0, 0, 0, 0, 0]
B0839JYSGN	[0, 0, 0, 2, 0, 0, 0, 0, 0, 0]
B0875NKWJ4	[5, 1, 7, 9, 0, 3, 0, 0, 0, 0]
B077HRVG6P	[1, 2, 4, 9, 1, 7, 1, 0, 1, 0]
B08P54SDCP	[1, 0, 0, 1, 0, 0, 0, 0, 0, 0]
B087X1FWW2	[3, 0, 5, 2, 1, 0, 1, 0, 0, 0]
B09FXG9GWM	[0, 0, 0, 0, 0, 0, 0, 0, 0, 0]
B09F6KR12Z	[3, 0, 4, 2, 1, 0, 1, 0, 0, 0]
B086GQYM4P	[1, 4, 12, 7, 2, 2, 2, 1, 0, 0]
B08TMPDNVH	[0, 0, 1, 1, 0, 0, 0, 0, 0, 0]
B08R8QVMN1	[0, 5, 1, 13, 0, 0, 0, 0, 0, 0]
B08GSGZFS5	[10, 1, 15, 6, 1, 4, 2, 0, 2, 0]
B09CPRXGLZ	[2, 2, 11, 3, 1, 2, 1, 3, 1, 1]
B08QV3GSL3	[2, 4, 4, 5, 1, 1, 0, 0, 0, 0]
B0929G8ZBZ	[3, 0, 4, 2, 1, 0, 1, 0, 0, 0]
B09RNCQXP7	[0, 0, 0, 4, 0, 0, 0, 0, 0, 0]
B075TV17Y7	[1, 0, 2, 1, 0, 0, 0, 0, 0, 0]
B07XBQYM4P	[11, 1, 15, 4, 0, 3, 1, 0, 0, 0]
B07X9RVZ67	[0, 0, 0, 0, 0, 0, 0, 0, 0, 0]
B081MSSM35	[1, 1, 2, 0, 0, 0, 0, 0, 0, 0]
B01M3RCM3B	[1, 0, 2, 1, 0, 0, 0, 0, 0, 0]
B01I9GHK40	[10, 0, 20, 4, 3, 4, 3, 1, 0, 0]
B08PPNCD8L	[1, 0, 6, 3, 0, 1, 2, 0, 1, 0]
B07FST6679	[1, 3, 4, 2, 0, 2, 2, 0, 1, 0]
B07HHCD6YV	[0, 1, 1, 1, 0, 0, 0, 0, 1, 0]
B088B6MHJZ	[3, 0, 5, 2, 1, 0, 1, 0, 0, 0]
B09BJQ6B4Y	[0, 0, 0, 0, 0, 0, 0, 0, 0, 0]
B08NK2Q19H	[5, 3, 11, 5, 1, 3, 1, 1, 1, 0]
B01N0Y6Z1L	[0, 0, 2, 0, 0, 0, 0, 0, 0, 0]
B07YKK3B9H	[0, 0, 0, 0, 0, 0, 0, 0, 0, 0]
B07R7R441G	[6, 0, 6, 5, 0, 1, 1, 0, 0, 0]
B08W19731T	[4, 1, 6, 2, 0, 1, 1, 0, 0, 0]
B07T43F3FK	[3, 0, 0, 3, 0, 0, 0, 0, 0, 0]
B07N6G48P2	[0, 0, 3, 4, 0, 1, 0, 0, 0, 0]
B07N79SFPK	[0, 0, 1, 2, 0, 0, 0, 0, 0, 0]
B0787PKL4L	[9, 0, 14, 3, 0, 0, 2, 0, 0, 0]
B09HQRVX63	[5, 1, 7, 9, 0, 3, 0, 0, 0, 0]
B077VZ8QXT	[8, 2, 10, 6, 0, 1, 1, 0, 2, 1]
B08DP3Q293	[3, 0, 5, 2, 1, 0, 1, 0, 0, 0]
B0816ST7G3	[0, 0, 0, 0, 0, 0, 0, 0, 0, 0]
B075TSRLBM	[1, 0, 2, 1, 0, 0, 0, 0, 0, 0]
B07MH6B6MP	[0, 0, 0, 0, 0, 0, 0, 0, 0, 0]
B084KJGGMN	[4, 4, 17, 5, 2, 5, 3, 4, 2, 2]
B07PYT1S71	[0, 1, 1, 1, 0, 0, 0, 1, 0, 0]
B09J65DH6Z	[5, 1, 7, 9, 0, 3, 0, 0, 0, 0]
B09FP5Y1QG	[5, 0, 6, 7, 2, 1, 1, 1, 1, 0]
B084TSCMTY	[0, 0, 0, 0, 0, 0, 0, 0, 0, 0]
B08GCXJ1LH	[3, 4, 2, 1, 0, 0, 0, 0, 0, 0]
B076QD6G24	[0, 0, 2, 2, 0, 0, 0, 0, 0, 0]
B083WNFLYM	[10, 2, 20, 2, 2, 0, 2, 1, 0, 0]
B07CHKD9KZ	[3, 0, 8, 2, 0, 0, 0, 0, 0, 0]
B09L4JNHX7	[5, 5, 20, 7, 1, 1, 3, 0, 2, 0]
B08QJN2CXF	[7, 2, 7, 6, 0, 5, 2, 0, 0, 2]
B075GFTWML	[1, 0, 2, 1, 0, 0, 0, 0, 0, 0]
B095PM7NQ9	[3, 0, 4, 2, 1, 0, 1, 0, 0, 0]
B098DWWRFQ	[2, 3, 4, 4, 0, 1, 0, 1, 1, 0]
B08SQHGNCG	[8, 0, 12, 3, 1, 1, 1, 0, 0, 0]
B08X12QJY6	[3, 0, 3, 12, 0, 3, 2, 1, 0, 0]
B09KT6W6FM	[0, 0, 1, 1, 0, 0, 1, 0, 0, 0]
B087WZPLSJ	[3, 0, 5, 2, 1, 0, 1, 0, 0, 0]
B07NJ4LHW8	[2, 0, 1, 7, 0, 0, 0, 0, 0, 1]
B07ZT2PK2H	[8, 24, 37, 2, 0, 0, 1, 1, 0, 1]
B076XKK3L3	[5, 2, 23, 4, 2, 2, 0, 1, 1, 0]
B075TZZ4WZ	[9, 6, 15, 13, 3, 2, 4, 0, 0, 0]
B094C1L35Z	[3, 0, 4, 2, 1, 0, 1, 0, 0, 0]
B07YPYP9NP	[0, 0, 0, 0, 0, 0, 0, 0, 0, 0]
B086T24HXL	[5, 1, 7, 9, 0, 3, 0, 0, 0, 0]
B088B3TWLQ	[3, 0, 5, 2, 1, 0, 1, 0, 0, 0]
B092J8XHXY	[7, 3, 33, 0, 0, 2, 3, 0, 0, 1]
B083GSVQQD	[4, 3, 9, 4, 1, 3, 0, 1, 1, 0]
B08LNX155Z	[3, 0, 4, 2, 0, 0, 0, 1, 0, 0]
B08MQCD1RG	[1, 0, 3, 0, 0, 0, 1, 0, 0, 0]
B0722KZPGK	[9, 0, 11, 8, 2, 1, 3, 0, 0, 0]
B0814VVHH7	[7, 1, 8, 3, 0, 1, 0, 1, 0, 1]
B07LFF45PB	[1, 4, 6, 20, 0, 1, 0, 0, 0, 1]
B083GM3ZX2	[6, 3, 13, 5, 1, 3, 2, 0, 1, 0]
B09KTB7Y66	[0, 0, 1, 1, 0, 0, 1, 0, 0, 0]
B088KQ8GM4	[3, 0, 5, 2, 1, 0, 1, 0, 0, 0]
B08D4XTRXS	[2, 10, 8, 3, 2, 2, 2, 2, 2, 2]
B07YY1FJX8	[0, 1, 3, 2, 0, 0, 0, 0, 0, 0]
B08XQGQLM4	[7, 0, 9, 2, 1, 3, 3, 0, 0, 1]
B07VBP5QSC	[0, 0, 0, 1, 0, 0, 0, 0, 0, 0]
B07JPYXZWB	[0, 0, 0, 1, 0, 0, 0, 0, 0, 0]
B09TSXMXM9	[3, 0, 11, 3, 0, 0, 0, 0, 0, 0]
B09FF83RPZ	[7, 5, 11, 6, 0, 3, 2, 3, 2, 0]
B07T1C8YDM	[4, 0, 1, 1, 0, 0, 1, 0, 0, 0]
B084ZFR7XX	[17, 5, 10, 9, 0, 4, 1, 0, 1, 1]
B0983ZD9P2	[3, 0, 5, 2, 1, 0, 1, 0, 0, 0]
B07YSN9YDC	[0, 0, 0, 1, 0, 0, 0, 0, 0, 0]
B091S5MYQ1	[3, 0, 4, 2, 1, 0, 1, 0, 0, 0]
B09582TKJV	[3, 0, 4, 2, 1, 0, 1, 0, 0, 0]
B07SJBX3HG	[3, 6, 4, 30, 0, 2, 1, 1, 1, 1]
B07FW3GT7W	[0, 1, 1, 1, 0, 0, 0, 0, 1, 0]
B082MB75LC	[0, 2, 3, 10, 1, 2, 2, 0, 1, 0]
B07MC4D3D8	[0, 0, 0, 0, 0, 0, 0, 0, 0, 0]
B088BCDL7Y	[3, 0, 5, 2, 1, 0, 1, 0, 0, 0]
B0881W7RPV	[5, 3, 6, 3, 1, 5, 2, 1, 2, 0]
B0987GM788	[3, 0, 5, 2, 1, 0, 1, 0, 0, 0]
B07QHWBXS3	[9, 2, 8, 9, 0, 0, 0, 0, 0, 1]
B07XFNGF8S	[19, 4, 13, 12, 3, 9, 7, 1, 1, 0]
B07PBCJYB4	[0, 0, 1, 1, 0, 0, 0, 0, 0, 0]
B075Q63ZF7	[1, 0, 2, 1, 0, 0, 0, 0, 0, 0]
B09KZBTM36	[1, 0, 2, 4, 0, 2, 0, 0, 0, 0]
B07WNL13S7	[0, 1, 0, 61, 0, 0, 0, 0, 0, 0]
B07LGLTXL5	[3, 0, 2, 6, 1, 1, 2, 0, 0, 0]
B0881LG6RN	[3, 0, 5, 2, 1, 0, 1, 0, 0, 0]
B07N6GD132	[0, 0, 0, 0, 0, 0, 0, 0, 0, 0]
B087N4B4LG	[1, 0, 2, 0, 0, 0, 0, 0, 0, 0]
B082FY6DF9	[3, 0, 4, 2, 0, 1, 0, 0, 0, 0]
B09QGZV99P	[4, 3, 12, 6, 1, 3, 0, 1, 1, 0]
B07L33KTPS	[0, 0, 0, 0, 0, 0, 0, 0, 0, 0]
B08WLY6PS3	[1, 0, 3, 1, 0, 0, 1, 0, 1, 0]
B079MFXX44	[0, 0, 0, 1, 0, 0, 0, 0, 0, 0]
B081F9CJFM	[8, 0, 6, 7, 0, 2, 1, 1, 0, 0]
B07ZKXGSV4	[0, 0, 1, 0, 0, 0, 0, 0, 0, 0]
B098FHQZ61	[5, 3, 11, 4, 1, 3, 1, 1, 1, 0]
B07SBTL3BJ	[2, 0, 1, 0, 0, 0, 0, 0, 0, 0]
B07THTKX6Z	[10, 0, 2, 5, 2, 2, 3, 2, 0, 0]
B091FS1D59	[2, 4, 4, 5, 1, 1, 0, 0, 0, 0]
B0984SZVG6	[3, 0, 5, 2, 1, 0, 1, 0, 0, 0]
B09V2Z3JBZ	[2, 5, 0, 4, 0, 0, 0, 0, 1, 0]
B08SC5JGNS	[0, 5, 1, 13, 0, 0, 0, 0, 0, 0]
B09HQM5HKD	[1, 1, 0, 8, 1, 3, 1, 1, 1, 0]
B07WTQDNYG	[0, 1, 4, 1, 1, 2, 0, 0, 0, 0]
B07NS7Z121	[3, 0, 10, 1, 1, 1, 1, 0, 0, 0]
B085LFKQB6	[0, 0, 1, 5, 0, 0, 0, 0, 0, 0]
B07M782RKN	[0, 0, 0, 0, 0, 0, 0, 0, 0, 0]
B07RT75PPC	[1, 0, 2, 1, 0, 0, 0, 0, 0, 0]
B07PDWPH9V	[2, 1, 4, 5, 0, 4, 0, 0, 0, 0]
B08HQ72Z8G	[4, 0, 6, 4, 0, 2, 0, 0, 0, 0]
B07T488B9J	[5, 2, 19, 7, 1, 2, 2, 1, 2, 1]
B01NA9KO1P	[13, 15, 11, 6, 1, 3, 2, 1, 1, 1]
B07S9583TX	[0, 0, 0, 0, 0, 0, 0, 0, 0, 0]
B08NX8W3KM	[5, 3, 12, 6, 1, 3, 1, 1, 1, 0]
B07NBSHZL2	[5, 4, 7, 3, 0, 2, 1, 2, 1, 1]
B08FCL8TB8	[3, 0, 4, 2, 1, 0, 1, 0, 0, 0]
B081VWBR1G	[4, 2, 6, 4, 0, 1, 0, 1, 0, 0]
B07MTJ4FD4	[1, 0, 0, 30, 1, 0, 1, 0, 0, 0]
B084H2K33L	[3, 3, 10, 8, 0, 1, 1, 0, 0, 0]
B0826CGRK8	[3, 0, 4, 2, 1, 0, 1, 0, 0, 0]
B07JN65ZGW	[3, 3, 5, 1, 0, 0, 0, 1, 0, 0]
B01NAX4K87	[7, 1, 14, 8, 3, 4, 4, 2, 2, 0]
B07T995R53	[3, 0, 0, 3, 0, 0, 0, 0, 0, 0]
B06XRTJ29M	[1, 0, 2, 1, 0, 0, 0, 0, 0, 0]
B07V41F2LK	[0, 0, 0, 0, 0, 0, 0, 0, 0, 0]
B071WTRBYR	[1, 0, 2, 1, 0, 0, 0, 0, 0, 0]
B08TRS8W1V	[0, 0, 0, 1, 0, 0, 0, 0, 0, 0]
B083ZG47N4	[1, 0, 0, 0, 0, 0, 0, 0, 0, 0]
B077K2TT1N	[14, 1, 9, 5, 0, 0, 1, 0, 0, 1]
B07X2NH5H8	[3, 0, 1, 1, 0, 1, 0, 0, 0, 0]
B08834Y9LR	[3, 4, 2, 1, 0, 0, 0, 0, 0, 0]
B07Q8Y8RJ9	[3, 0, 4, 2, 1, 0, 1, 0, 0, 0]
B08RG5TRYR	[1, 1, 2, 1, 0, 0, 0, 0, 0, 0]
B07FMCB8BM	[0, 4, 11, 1, 0, 0, 0, 0, 1, 1]
B088MLDNRT	[11, 0, 20, 1, 4, 5, 0, 0, 0, 0]
B07H26M4CL	[0, 0, 0, 0, 0, 0, 0, 0, 0, 0]
B07QJCZ6RT	[0, 0, 0, 1, 0, 0, 0, 0, 0, 0]
B01LQ0FAVG	[0, 0, 2, 0, 0, 0, 0, 0, 0, 0]
B081XGK1H9	[0, 3, 14, 8, 0, 2, 1, 2, 1, 0]
B07XTF1F5J	[4, 2, 12, 3, 3, 0, 1, 0, 0, 0]
B075DVY1SF	[1, 0, 2, 1, 0, 0, 0, 0, 0, 0]
B08LW1KZL3	[3, 0, 4, 2, 1, 0, 1, 0, 0, 0]
B09581244W	[3, 0, 4, 2, 1, 0, 1, 0, 0, 0]
B08FWTPH5D	[11, 5, 15, 4, 2, 2, 2, 1, 1, 0]
B0881MJ54P	[3, 0, 5, 2, 1, 0, 1, 0, 0, 0]
B0848G34CD	[2, 3, 3, 2, 0, 3, 0, 0, 0, 0]
B07SCQNBDC	[4, 3, 5, 0, 0, 2, 1, 0, 0, 0]
B09K7BVSD4	[7, 2, 15, 7, 3, 1, 3, 0, 0, 0]
B071CG8GB8	[1, 0, 2, 1, 0, 0, 0, 0, 0, 0]
B06Y1291WV	[1, 0, 2, 1, 0, 0, 0, 0, 0, 0]
B073DGMLHX	[0, 1, 6, 7, 0, 0, 0, 0, 0, 0]
B07BV3FDJD	[0, 0, 0, 0, 0, 0, 0, 0, 0, 0]
B08V9GDNG1	[5, 3, 11, 4, 1, 3, 1, 1, 1, 0]
B07Y8LKZ5M	[0, 0, 0, 0, 0, 0, 0, 0, 0, 0]
B0874Q7X47	[5, 3, 11, 4, 1, 3, 1, 1, 1, 0]
B09JBK86SS	[8, 6, 17, 6, 1, 3, 5, 1, 1, 0]
B094C8168B	[3, 0, 4, 2, 1, 0, 1, 0, 0, 0]
B08K3TLRM8	[0, 0, 1, 1, 0, 0, 1, 0, 1, 1]
B07JN99TZW	[10, 0, 2, 0, 0, 0, 1, 0, 0, 0]
B088RHB5KF	[3, 0, 5, 2, 1, 0, 1, 0, 0, 0]
B088RKCDVM	[3, 0, 5, 2, 1, 0, 1, 0, 0, 0]
B07FDLLQ93	[9, 2, 8, 2, 0, 3, 0, 0, 0, 0]
B071NMXSLS	[19, 0, 25, 7, 1, 3, 3, 0, 0, 1]
B08CNK26FL	[0, 1, 2, 3, 0, 0, 0, 0, 0, 0]
B07JNFMX5J	[1, 4, 6, 20, 0, 1, 0, 0, 0, 1]
B08DDF9BNT	[0, 1, 0, 49, 0, 0, 0, 0, 0, 0]
B01EIQVFFA	[4, 4, 22, 7, 1, 3, 1, 2, 3, 1]
B06X41Y9JP	[9, 2, 10, 8, 2, 5, 5, 1, 1, 1]
B07PV9YR2T	[2, 0, 9, 1, 0, 0, 0, 0, 0, 0]
B07ZD4XY6W	[0, 0, 1, 0, 0, 0, 0, 0, 0, 0]
B07K494YHB	[0, 0, 0, 2, 0, 1, 1, 0, 0, 0]
B07NPP31GP	[0, 0, 0, 0, 0, 0, 0, 0, 0, 0]
B07NJ9ZMCT	[0, 0, 0, 0, 0, 0, 0, 0, 0, 0]
B084MFN5TK	[0, 0, 2, 3, 0, 0, 0, 0, 0, 0]
B07FZ534W5	[2, 0, 1, 2, 0, 3, 0, 0, 0, 0]
B07MVX3TJT	[0, 1, 0, 1, 0, 1, 0, 1, 0, 0]
B09687HWTX	[3, 0, 4, 2, 1, 0, 1, 0, 0, 0]
B098T4GBZS	[0, 2, 5, 3, 0, 2, 3, 1, 1, 0]
B095PLS1MF	[3, 0, 4, 2, 1, 0, 1, 0, 0, 0]
B0983ZN548	[3, 0, 5, 2, 1, 0, 1, 0, 0, 0]
B07FK56GVY	[6, 9, 23, 4, 1, 4, 2, 1, 4, 1]
B09BJ8K35N	[17, 6, 18, 3, 1, 6, 5, 6, 5, 1]
B07QMRVYLH	[3, 4, 2, 1, 0, 0, 0, 0, 0, 0]
B08SQRFHDH	[3, 0, 4, 2, 1, 0, 1, 0, 0, 0]
B07MXMBVKD	[0, 0, 0, 0, 0, 0, 0, 0, 0, 0]
B08F59JMNF	[0, 0, 1, 1, 0, 0, 0, 0, 0, 0]
B07MJ79875	[0, 0, 0, 0, 0, 0, 0, 0, 0, 0]
B07MVGJZ9G	[1, 1, 2, 2, 1, 1, 0, 1, 1, 0]
B085LHW15F	[0, 2, 0, 3, 0, 0, 0, 0, 0, 0]
B07JFSPV73	[0, 3, 4, 3, 2, 1, 2, 0, 1, 1]
B07YXXS132	[2, 4, 2, 3, 2, 2, 1, 4, 4, 0]
B09583FTJ2	[3, 0, 4, 2, 1, 0, 1, 0, 0, 0]
B07MSJNN9K	[0, 2, 1, 6, 0, 1, 1, 0, 1, 0]
B07QHN5JFX	[1, 2, 10, 7, 1, 4, 3, 4, 2, 1]
B09QT1MZSX	[0, 0, 0, 4, 0, 0, 0, 0, 0, 0]
B0853CSZ5N	[0, 1, 1, 4, 0, 0, 1, 0, 0, 0]
B07TMFQ1ZK	[0, 0, 2, 5, 0, 0, 0, 0, 0, 0]
B08PFTD5F2	[7, 1, 8, 3, 0, 1, 0, 1, 0, 1]
B08HSC5WT7	[2, 1, 0, 2, 0, 0, 0, 0, 0, 0]
B07HJ78QW4	[5, 1, 3, 7, 0, 0, 0, 1, 0, 0]
B07TYBZNKJ	[1, 0, 0, 0, 0, 0, 0, 0, 0, 0]
B08296W87Z	[6, 4, 10, 2, 0, 0, 0, 1, 1, 0]
B091QB1M6Z	[3, 0, 4, 2, 1, 0, 1, 0, 0, 0]
B074MR489M	[24, 11, 39, 4, 0, 10, 2, 7, 3, 4]
B07GDCJ526	[0, 0, 0, 0, 0, 0, 0, 0, 0, 0]
B089H25957	[0, 0, 0, 2, 0, 1, 1, 0, 0, 0]
B074KFNWFD	[0, 1, 0, 1, 0, 0, 0, 0, 0, 0]
B074KKZT26	[2, 0, 4, 3, 1, 1, 1, 1, 1, 0]
B08N6YFDWY	[7, 0, 2, 1, 1, 4, 2, 1, 1, 0]
B081K15M6K	[0, 0, 0, 0, 0, 0, 0, 0, 0, 0]
B0829QXVTN	[0, 0, 0, 6, 0, 0, 0, 0, 0, 0]
B07Y2B95T5	[8, 0, 8, 5, 0, 1, 1, 0, 0, 0]
B0946YXRH8	[0, 0, 1, 3, 0, 0, 0, 0, 0, 0]
B07FK7SSH3	[0, 0, 0, 1, 0, 0, 0, 0, 0, 0]
B07HYYGQZ5	[0, 2, 10, 3, 0, 1, 0, 0, 0, 1]
B07QJ1BJLC	[4, 2, 1, 13, 0, 0, 0, 0, 0, 0]
B0882XFPG3	[3, 0, 5, 2, 1, 0, 1, 0, 0, 0]
B07GZ11RGR	[4, 4, 13, 5, 0, 2, 0, 1, 0, 0]
B08D6Z7GP6	[1, 0, 2, 1, 0, 0, 0, 0, 0, 0]
B07PGKK416	[0, 0, 0, 0, 0, 0, 0, 0, 0, 0]
B0987SDWVL	[3, 0, 5, 2, 1, 0, 1, 0, 0, 0]
B07HP6VH4D	[0, 4, 6, 1, 0, 1, 0, 0, 0, 1]
B09299H57Y	[3, 0, 4, 2, 1, 0, 1, 0, 0, 0]
B08GNDXWLV	[3, 0, 4, 3, 1, 0, 1, 0, 0, 0]
B08BNBZHB6	[4, 0, 2, 0, 0, 0, 0, 0, 0, 0]
B07K365777	[1, 0, 0, 3, 0, 0, 0, 0, 0, 0]
B08JCC8W56	[3, 0, 4, 2, 1, 0, 1, 0, 0, 0]
B088KPSK7K	[5, 0, 2, 6, 0, 1, 0, 0, 0, 0]
B091RN46RT	[3, 0, 4, 2, 1, 0, 1, 0, 0, 0]
B08VN92JFG	[0, 0, 0, 2, 0, 1, 1, 0, 0, 0]
B08NGKX3SH	[7, 2, 7, 6, 0, 5, 2, 0, 0, 2]
B086QV513T	[0, 0, 0, 0, 0, 0, 0, 0, 0, 0]
B07SYJ4GY5	[1, 1, 3, 7, 0, 1, 0, 1, 0, 0]
B09R2GJFW1	[0, 2, 3, 8, 0, 1, 0, 0, 0, 0]
B087D2TZSZ	[0, 0, 0, 2, 0, 1, 1, 0, 0, 0]
B08CY9PR8D	[0, 0, 0, 0, 0, 0, 0, 0, 0, 0]
B09B3XK158	[6, 2, 17, 6, 2, 9, 3, 0, 2, 0]
B07PNGPWP3	[1, 0, 0, 2, 0, 1, 1, 0, 0, 0]
B09BQW35BW	[3, 0, 4, 2, 1, 0, 1, 0, 0, 0]
B07YSRTQ27	[2, 1, 0, 2, 0, 0, 0, 0, 0, 0]
B07RMYGPL1	[0, 0, 0, 3, 0, 0, 0, 0, 0, 0]
B07KSGWBG2	[0, 0, 0, 2, 0, 1, 1, 0, 0, 0]
B091RSWS6P	[3, 0, 4, 2, 1, 0, 1, 0, 0, 0]
B08V43RRHZ	[2, 0, 4, 1, 0, 1, 0, 0, 0, 0]
B0881TBKPY	[3, 0, 5, 2, 1, 0, 1, 0, 0, 0]
B084FSHQM3	[7, 1, 5, 4, 0, 1, 0, 1, 0, 0]
B07RL947S3	[6, 1, 5, 8, 2, 4, 3, 0, 1, 1]
B082MRF87M	[1, 1, 2, 0, 0, 0, 0, 0, 0, 0]
B081RMKR9Z	[3, 0, 4, 2, 1, 0, 1, 0, 0, 0]
B0955SQPT7	[3, 0, 4, 2, 1, 0, 1, 0, 0, 0]
B083P661BW	[13, 9, 16, 25, 3, 5, 0, 5, 1, 0]
B09MZT5XV2	[0, 0, 1, 0, 0, 0, 0, 0, 0, 0]
B07QCQ5JV5	[0, 3, 2, 0, 0, 0, 1, 0, 1, 0]
B07VMRVTHF	[1, 4, 6, 20, 0, 1, 0, 0, 0, 1]
B08KHM2W7F	[0, 0, 2, 1, 0, 0, 0, 0, 0, 0]
B07MLVH9GF	[0, 0, 0, 0, 0, 0, 0, 0, 0, 0]
B081XCXD3M	[0, 2, 1, 0, 0, 1, 0, 0, 0, 0]
B081S85FK8	[3, 0, 4, 3, 1, 0, 1, 0, 0, 0]
B08R1GM8LM	[9, 5, 15, 9, 1, 3, 2, 1, 1, 0]
B077D2GY1Z	[5, 2, 23, 4, 2, 2, 0, 1, 1, 0]
B0881KRXWD	[3, 0, 5, 2, 1, 0, 1, 0, 0, 0]
B08SMDZYPB	[3, 0, 4, 2, 1, 0, 1, 0, 0, 0]
B084RHC951	[4, 3, 12, 3, 1, 1, 0, 1, 2, 1]
B09FLQG7SC	[1, 0, 1, 1, 0, 0, 0, 0, 0, 0]
B074PDF3ZY	[1, 1, 2, 6, 0, 1, 0, 0, 0, 0]
B08422YBTY	[4, 1, 12, 1, 0, 1, 0, 0, 0, 0]
B07Q4W48ML	[0, 0, 0, 0, 0, 0, 0, 0, 0, 0]
B081BDH1TB	[1, 1, 2, 0, 0, 0, 0, 0, 0, 0]
B0955WNCNY	[3, 0, 4, 2, 1, 0, 1, 0, 0, 0]
B07CTP81N8	[5, 3, 11, 3, 1, 3, 1, 1, 1, 0]
B07JZHMNWT	[0, 2, 0, 4, 0, 2, 2, 0, 2, 0]
B07JVD1297	[3, 3, 2, 2, 0, 0, 3, 0, 0, 0]
B07L8WDSH8	[0, 0, 0, 0, 0, 0, 0, 0, 0, 0]
B088NJP38V	[16, 6, 42, 17, 3, 4, 3, 2, 2, 3]
B08GSPDXVY	[1, 0, 7, 11, 1, 1, 4, 0, 0, 0]
B08H522WQC	[2, 3, 7, 1, 0, 2, 0, 0, 0, 0]
B0957Y2DW4	[3, 0, 4, 2, 1, 0, 1, 0, 0, 0]
B07YNQHCRD	[0, 0, 1, 0, 0, 0, 0, 0, 0, 0]
B01M4QGP3C	[4, 4, 22, 7, 1, 3, 1, 2, 3, 1]
B07CJ37YHB	[1, 0, 2, 1, 0, 0, 0, 0, 0, 0]
B08Z84Q2W8	[0, 0, 1, 0, 0, 0, 0, 0, 0, 0]
B01LXQXW3G	[1, 0, 2, 1, 0, 0, 0, 0, 0, 0]
B07ZFTF1C5	[2, 0, 2, 1, 0, 0, 0, 0, 0, 0]
B093LFKXMJ	[7, 1, 23, 8, 2, 3, 1, 0, 2, 0]
B078HJXGGT	[6, 3, 6, 3, 1, 2, 0, 0, 0, 0]
B07HB2S38K	[3, 0, 4, 2, 0, 0, 0, 1, 0, 0]
B08HSC65SN	[2, 1, 0, 2, 0, 0, 0, 0, 0, 0]
B07YSRGLS4	[0, 0, 0, 1, 0, 0, 0, 0, 0, 0]
B09D5RKJYD	[0, 1, 0, 0, 0, 0, 0, 0, 0, 0]
B087WPWV73	[3, 0, 5, 2, 1, 0, 1, 0, 0, 0]
B0862DM71J	[4, 6, 1, 2, 0, 0, 0, 0, 0, 0]
B08DTQK457	[5, 3, 11, 6, 1, 3, 1, 1, 1, 0]
B09MZ211P9	[1, 4, 6, 20, 0, 1, 0, 0, 0, 1]
B077BVSGS4	[8, 2, 13, 5, 0, 3, 0, 0, 0, 0]
B07KW5X23N	[2, 0, 1, 1, 0, 0, 0, 0, 1, 0]
B08ZXYYPSW	[1, 1, 4, 5, 0, 2, 1, 0, 2, 0]
B07ZYWN65K	[2, 0, 1, 6, 0, 0, 0, 0, 0, 1]
B08DDDXVKJ	[5, 3, 10, 3, 1, 2, 0, 3, 1, 1]
B01N4RQS4F	[0, 0, 0, 0, 0, 0, 0, 0, 0, 0]
B08QN7TXR2	[2, 4, 4, 5, 1, 1, 0, 0, 0, 0]
B07HCRR9VT	[9, 0, 15, 1, 1, 1, 1, 0, 0, 0]
B07VPN6NZK	[10, 0, 20, 4, 3, 4, 3, 1, 0, 0]
B07P1MMFRP	[4, 0, 1, 1, 0, 0, 0, 0, 0, 0]
B08X9Y4SY2	[5, 1, 9, 2, 0, 0, 1, 1, 0, 1]
B095PNGC12	[3, 0, 4, 2, 1, 0, 1, 0, 0, 0]
B088RKZ69F	[3, 0, 5, 2, 1, 0, 1, 0, 0, 0]
B082V37PGF	[9, 23, 29, 11, 0, 0, 0, 0, 0, 0]
B09JRX1SB6	[1, 0, 0, 5, 0, 0, 0, 0, 0, 0]
B07WGGL4GH	[0, 0, 0, 0, 0, 0, 0, 0, 0, 0]
B08372T5H9	[1, 1, 2, 0, 0, 0, 0, 1, 0, 0]
B08Q8DZ66P	[2, 0, 2, 1, 0, 0, 0, 0, 0, 0]
B09841SXWW	[3, 0, 5, 2, 1, 0, 1, 0, 0, 0]
B0824WC43Z	[12, 4, 10, 16, 1, 0, 1, 0, 0, 0]
B07VDQZFQ4	[1, 1, 4, 7, 0, 1, 0, 1, 0, 0]
B07P2K3F3R	[3, 1, 5, 3, 0, 0, 0, 0, 2, 0]
B07YT15DTH	[0, 0, 0, 0, 0, 0, 0, 0, 0, 0]
B075RPKBVD	[4, 0, 3, 4, 0, 0, 1, 0, 0, 0]
B07PDQ1Q2B	[7, 6, 8, 7, 2, 4, 1, 0, 2, 0]
B07K38CMDR	[6, 0, 7, 1, 0, 2, 1, 0, 0, 0]
B07KRVSSZG	[0, 0, 0, 0, 0, 0, 0, 0, 0, 0]
B096VMXLV8	[0, 2, 2, 1, 0, 0, 0, 0, 0, 0]
B0984PT9K9	[3, 0, 5, 2, 1, 0, 1, 0, 0, 0]
B06WWK5PG1	[1, 0, 2, 1, 0, 0, 0, 0, 0, 0]
B093LGGQ1Q	[5, 3, 12, 6, 1, 3, 1, 1, 1, 0]
B0985691SJ	[3, 0, 5, 2, 1, 0, 1, 0, 0, 0]
B086WZQ3HZ	[7, 0, 6, 1, 0, 0, 0, 1, 0, 1]
B078H4P2FG	[5, 4, 11, 3, 0, 0, 0, 0, 1, 0]
B09NPMSG2N	[8, 6, 19, 8, 1, 3, 4, 1, 1, 0]
B095PH6YNS	[3, 0, 4, 2, 1, 0, 1, 0, 0, 0]
B07RX8WLGG	[0, 2, 0, 3, 0, 0, 0, 0, 0, 0]
B06X6HBQ9J	[11, 1, 46, 6, 3, 3, 4, 1, 1, 0]
B078561KVS	[3, 0, 5, 2, 0, 1, 0, 0, 0, 0]
B08FHT25L5	[0, 0, 0, 0, 0, 0, 0, 0, 0, 0]
B07BNK81YB	[1, 0, 0, 0, 0, 0, 0, 0, 0, 0]
B088FK9F3M	[2, 3, 3, 2, 0, 3, 0, 0, 0, 0]
B07T3HK8YN	[3, 0, 0, 3, 0, 0, 0, 0, 0, 0]
B07S8651C4	[0, 0, 2, 0, 0, 0, 0, 0, 0, 0]
B07J5B3C6Z	[7, 1, 8, 3, 0, 1, 0, 1, 0, 1]
B08MFPLYMF	[0, 0, 2, 1, 1, 1, 0, 0, 0, 0]
B07V7F39T3	[14, 3, 7, 3, 0, 0, 1, 0, 0, 0]
B08KJDZPYK	[0, 1, 8, 4, 0, 1, 0, 0, 0, 0]
B087X7SHSQ	[3, 0, 5, 2, 1, 0, 1, 0, 0, 0]
B08KW34DWR	[34, 4, 17, 5, 0, 3, 2, 4, 3, 1]
B079QWD1R7	[0, 0, 0, 1, 0, 0, 0, 0, 0, 0]
B071XHC4VX	[3, 3, 5, 2, 0, 1, 1, 0, 0, 0]
B073PKWX11	[23, 7, 17, 2, 1, 2, 3, 2, 1, 0]
B07C5MYYBL	[6, 3, 6, 3, 1, 2, 0, 0, 0, 0]
B07H3WXTZ2	[0, 0, 1, 0, 0, 0, 0, 0, 0, 0]
B07W5CPDB6	[2, 7, 7, 2, 3, 3, 1, 2, 1, 0]
B07QXXBL8K	[1, 2, 1, 2, 0, 1, 0, 0, 0, 0]
B0957WSRTK	[3, 0, 4, 2, 1, 0, 1, 0, 0, 0]
B075F37ZHM	[1, 0, 2, 1, 0, 0, 0, 0, 0, 0]
B081S6PGYN	[1, 1, 4, 7, 0, 1, 0, 1, 0, 0]
B07P86LJNJ	[6, 10, 48, 43, 8, 2, 6, 2, 1, 0]
B0787HK4FN	[0, 0, 0, 0, 0, 0, 0, 0, 0, 0]
B093D2SGKC	[6, 1, 6, 0, 0, 4, 2, 0, 0, 1]
B07HJ5F6DY	[5, 1, 3, 7, 0, 0, 0, 1, 0, 0]
B07HQVQQQN	[0, 0, 0, 0, 0, 0, 0, 0, 0, 0]
B01JTL2PYE	[0, 3, 0, 2, 0, 2, 2, 0, 0, 0]
B09B18SK6R	[0, 0, 0, 1, 0, 0, 0, 0, 0, 0]
B07ZD4P4LK	[5, 0, 3, 2, 0, 0, 0, 0, 0, 0]
B09NXPFCX7	[0, 2, 2, 4, 0, 1, 1, 0, 1, 0]
B07PX3F7BB	[2, 0, 3, 0, 0, 0, 0, 0, 0, 0]
B07NYQD8HS	[1, 4, 6, 20, 0, 1, 0, 0, 0, 1]
B08R6Q4D42	[0, 1, 0, 0, 0, 0, 0, 0, 0, 0]
B087CL93VX	[5, 1, 7, 9, 0, 3, 0, 0, 0, 0]
B07RP33H81	[0, 0, 0, 2, 0, 0, 0, 0, 0, 0]
B07Q6Y3ZH6	[2, 2, 5, 5, 0, 0, 0, 0, 0, 0]
B09NNTMTN5	[17, 6, 23, 8, 2, 4, 2, 2, 0, 2]
B07L8DK8SC	[1, 0, 1, 2, 0, 1, 1, 0, 0, 0]
B079RBQJQ7	[0, 0, 0, 1, 0, 0, 0, 0, 0, 0]
B09QQTS3JL	[0, 0, 0, 2, 0, 0, 0, 0, 0, 0]
B084VJBT8C	[7, 0, 8, 5, 0, 1, 0, 0, 0, 0]
B0979PQQ5G	[2, 5, 5, 2, 0, 1, 0, 0, 0, 0]
B083XYXZVQ	[5, 5, 6, 8, 0, 3, 3, 1, 2, 1]
B07ZKVXT52	[3, 0, 4, 2, 1, 0, 1, 0, 0, 0]
B07PSNRPQW	[13, 3, 11, 1, 1, 2, 1, 0, 0, 0]
B086698RZP	[0, 1, 1, 1, 0, 0, 0, 1, 0, 0]
B09D29RQVS	[2, 4, 4, 5, 1, 1, 0, 0, 0, 0]
B07XZ8YSJP	[1, 1, 3, 8, 0, 1, 0, 1, 0, 0]
B0857K23JK	[0, 2, 0, 3, 0, 0, 0, 0, 0, 0]
B081VT3KH7	[0, 1, 0, 40, 0, 0, 0, 0, 0, 0]
B07JDTKYWS	[8, 0, 4, 0, 1, 1, 0, 0, 0, 0]
B08ZNY9FV9	[6, 3, 12, 4, 1, 3, 1, 1, 1, 0]
B08W27D9CX	[1, 1, 3, 9, 0, 2, 0, 0, 2, 0]
B07QDZS1G5	[2, 0, 7, 11, 1, 0, 1, 0, 0, 0]
B07F3PV2MY	[6, 3, 3, 2, 1, 1, 1, 1, 1, 1]
B091RDX59R	[3, 0, 4, 2, 1, 0, 1, 0, 0, 0]
B08BTWTD71	[6, 0, 12, 2, 0, 0, 2, 0, 0, 0]
B0828B1559	[1, 1, 2, 0, 0, 0, 0, 0, 0, 0]
B095CGTGHW	[11, 4, 16, 4, 1, 3, 5, 1, 1, 0]
B08X2394Z5	[3, 0, 3, 12, 0, 3, 2, 1, 0, 0]
B0859WS7LW	[5, 4, 6, 9, 1, 2, 1, 0, 1, 0]
B096LCG8R2	[1, 0, 1, 3, 0, 1, 0, 1, 1, 0]
B085G9WBF5	[3, 0, 4, 2, 1, 0, 1, 0, 0, 0]
B07BF7XL6F	[4, 7, 5, 5, 0, 0, 1, 3, 0, 1]
B07HD2S3FN	[7, 0, 1, 5, 0, 0, 2, 0, 0, 0]
B0881JY2GR	[3, 0, 5, 2, 1, 0, 1, 0, 0, 0]
B07T97RWTP	[0, 0, 0, 2, 0, 1, 1, 0, 0, 0]
B07M8GVCPS	[0, 0, 0, 0, 0, 1, 1, 0, 0, 0]
B09Q37PQKT	[3, 0, 4, 2, 1, 0, 1, 0, 0, 0]
B07K35FWR8	[5, 0, 3, 2, 0, 0, 0, 1, 0, 0]
B0719P6PL7	[4, 0, 0, 2, 0, 0, 0, 0, 0, 0]
B09SVGK36N	[0, 5, 5, 10, 2, 2, 1, 0, 1, 0]
B08NYDP55R	[0, 1, 0, 37, 0, 0, 0, 0, 0, 0]
B088BGZPHV	[3, 0, 5, 2, 1, 0, 1, 0, 0, 0]
B074NY8FV6	[1, 0, 2, 1, 0, 0, 0, 0, 0, 0]
B088B7C9KS	[3, 0, 5, 2, 1, 0, 1, 0, 0, 0]
B075L8JCF9	[1, 0, 2, 1, 0, 0, 0, 0, 0, 0]
B08FZKYC57	[1, 3, 3, 9, 1, 2, 1, 1, 1, 0]
B08FQQ4MPQ	[21, 18, 14, 7, 2, 2, 0, 0, 0, 0]
B0872SDHY5	[0, 0, 0, 0, 0, 0, 0, 0, 0, 0]
B07ZTJTR5C	[1, 0, 4, 5, 1, 2, 2, 0, 0, 1]
B075JB58NC	[1, 0, 2, 1, 0, 0, 0, 0, 0, 0]
B08DHV6QR9	[0, 0, 0, 0, 0, 0, 0, 0, 0, 0]
B08SHK5CGY	[5, 3, 11, 3, 1, 3, 1, 1, 1, 0]
B084G9WVVM	[1, 3, 22, 5, 0, 0, 0, 0, 2, 0]
B0731LJ4L9	[0, 0, 0, 19, 0, 0, 0, 0, 0, 0]
B083XGPXR3	[1, 2, 0, 0, 0, 0, 0, 0, 0, 0]
B08N5BW1H9	[5, 0, 3, 2, 0, 0, 0, 0, 0, 0]
B08QR9B397	[5, 3, 10, 10, 1, 2, 1, 0, 2, 5]
B08BFV8BC8	[19, 2, 12, 4, 0, 5, 1, 1, 0, 0]
B07Z2S66N6	[5, 0, 3, 3, 0, 0, 0, 1, 0, 0]
B07VBP5GSC	[6, 0, 3, 7, 0, 2, 1, 0, 0, 0]
B01N1ZVI7M	[11, 0, 20, 4, 3, 4, 3, 1, 0, 0]
B086QVR2NZ	[5, 1, 7, 9, 0, 3, 0, 0, 0, 0]
B09BCV4441	[8, 0, 8, 2, 2, 1, 1, 0, 0, 0]
B07YSJVJ8K	[0, 0, 0, 1, 0, 0, 0, 0, 0, 0]
B07WRS58M1	[1, 0, 3, 0, 0, 0, 0, 0, 0, 0]
B079KTHX79	[2, 0, 5, 2, 0, 1, 0, 0, 0, 0]
B07JMM35CJ	[1, 0, 2, 1, 0, 0, 0, 0, 0, 0]
B0897R6XB1	[0, 0, 0, 2, 0, 0, 0, 0, 0, 0]
B0881SZ2X8	[3, 0, 5, 2, 1, 0, 1, 0, 0, 0]
B09MW7VNKV	[2, 4, 4, 5, 1, 1, 0, 0, 0, 0]
B08XLNP8X5	[43, 47, 49, 25, 1, 1, 0, 0, 1, 0]
B07TFDRB34	[11, 2, 8, 3, 1, 1, 0, 0, 2, 1]
B08YDQY1Y5	[6, 1, 15, 1, 0, 2, 0, 0, 0, 0]
B07R5VHGLW	[6, 1, 5, 8, 2, 4, 3, 0, 1, 1]
B087BZVXTW	[2, 0, 2, 1, 0, 0, 0, 0, 0, 0]
B07SV57CSY	[3, 0, 0, 3, 0, 0, 0, 0, 0, 0]
B081B3PJ3W	[3, 0, 4, 2, 0, 1, 0, 0, 0, 0]
B08W3YH8RQ	[3, 4, 3, 3, 1, 1, 0, 2, 1, 0]
B07MW75XS4	[0, 0, 0, 0, 0, 0, 0, 0, 0, 0]
B08D9MWRNP	[11, 4, 22, 3, 0, 0, 2, 1, 0, 0]
B07WSHW67Y	[6, 3, 10, 3, 1, 3, 1, 1, 1, 0]
B01HBI4FIQ	[11, 2, 7, 11, 0, 1, 2, 2, 0, 0]
B08Q8DC34F	[2, 0, 2, 1, 0, 0, 0, 0, 0, 0]
B08LDB36YF	[0, 0, 0, 0, 0, 0, 0, 0, 0, 0]
B096ZF7ML9	[0, 0, 0, 1, 0, 0, 0, 0, 0, 0]
B0984VR1YP	[3, 0, 5, 2, 1, 0, 1, 0, 0, 0]
B09BJH2C7T	[0, 1, 0, 49, 0, 0, 0, 0, 0, 0]
B095PK7YF7	[3, 0, 4, 2, 1, 0, 1, 0, 0, 0]
B0984PZMPH	[3, 0, 5, 2, 1, 0, 1, 0, 0, 0]
B09FFLKTJK	[0, 0, 1, 0, 0, 0, 1, 0, 0, 0]
B093XMYV81	[2, 0, 11, 4, 0, 1, 0, 0, 0, 0]
B085STY4W3	[1, 0, 0, 28, 1, 0, 1, 0, 0, 0]
B09BHTNCY5	[2, 4, 4, 5, 1, 1, 0, 0, 0, 0]
B07KT7XZW5	[1, 0, 0, 5, 0, 2, 2, 0, 1, 0]
B08PFW8DTV	[6, 0, 5, 3, 1, 1, 0, 0, 0, 0]
B0883BBZH9	[3, 0, 5, 2, 1, 0, 1, 0, 0, 0]
B088R8F8CH	[3, 0, 5, 2, 1, 0, 1, 0, 0, 0]
B07JK2TXVR	[0, 0, 0, 0, 0, 0, 0, 0, 0, 0]
B075F7FMRM	[3, 3, 5, 3, 0, 0, 0, 0, 1, 1]
B08L3VXY6G	[0, 1, 1, 1, 1, 0, 0, 0, 0, 0]
B092FSC22Q	[2, 4, 4, 5, 1, 1, 0, 0, 0, 0]
B08HNKHT6S	[2, 4, 4, 5, 1, 1, 0, 0, 0, 0]
B08K984CDQ	[0, 0, 0, 0, 0, 0, 0, 0, 0, 0]
B07JP721WC	[1, 0, 0, 0, 0, 0, 0, 0, 0, 0]
B07HJ3KZFW	[5, 1, 3, 7, 0, 0, 0, 1, 0, 0]
B09RMG87ZY	[0, 1, 0, 1, 0, 0, 0, 0, 0, 0]
B09JMRS7CY	[8, 5, 15, 8, 1, 3, 5, 1, 1, 0]
B09ML1P3RN	[5, 4, 10, 9, 1, 1, 1, 1, 0, 0]
B09MSRNTLL	[0, 0, 0, 3, 0, 1, 1, 0, 0, 0]
B0875KVMK6	[37, 16, 26, 32, 0, 3, 4, 2, 1, 7]
B07YYGVNM4	[5, 3, 11, 9, 1, 3, 1, 1, 1, 1]
B08L5FFPY7	[0, 0, 0, 0, 0, 0, 0, 0, 0, 0]
B09KNJRJTW	[0, 39, 3, 0, 1, 1, 1, 1, 1, 0]
B0746KJ11G	[9, 0, 11, 8, 2, 1, 3, 0, 0, 0]
B07JN2DSWB	[14, 0, 14, 0, 0, 0, 0, 0, 0, 0]
B07VBN91VP	[1, 1, 3, 7, 0, 1, 0, 1, 0, 0]
B083SN9PSH	[3, 0, 0, 1, 0, 1, 1, 0, 0, 0]
B097CGL2RG	[1, 0, 3, 1, 0, 1, 0, 0, 0, 0]
B07YSFJ3FF	[0, 0, 0, 1, 0, 0, 0, 0, 0, 0]
B0881KS4C7	[3, 0, 5, 2, 1, 0, 1, 0, 0, 0]
B094MB3KYW	[2, 4, 4, 5, 1, 1, 0, 0, 0, 0]
B09BGBG2QK	[0, 0, 0, 1, 0, 0, 0, 0, 0, 0]
B09M7B37SP	[0, 0, 0, 0, 0, 0, 0, 0, 0, 0]
B0984VDKZJ	[3, 0, 5, 2, 1, 0, 1, 0, 0, 0]
B08PBZKQWZ	[1, 4, 6, 4, 0, 2, 0, 0, 0, 0]
B096WDLZ8S	[2, 4, 4, 5, 1, 1, 0, 0, 0, 0]
B0987M96DL	[0, 5, 1, 13, 0, 0, 0, 0, 0, 0]
B09QGZJ2ZB	[2, 3, 10, 5, 0, 2, 2, 1, 0, 0]
B083P28DK8	[2, 2, 7, 1, 1, 0, 0, 1, 0, 1]
B095CV2KKL	[0, 2, 2, 2, 0, 0, 0, 0, 0, 0]
B087WTDJX5	[3, 0, 5, 2, 1, 0, 1, 0, 0, 0]
B07Q1JM74R	[1, 3, 8, 2, 1, 1, 2, 4, 1, 1]
B07T91F8R6	[3, 0, 0, 3, 0, 0, 0, 0, 0, 0]
B07JK78247	[2, 0, 1, 6, 0, 0, 0, 0, 0, 1]
B081T7X55Z	[3, 0, 4, 2, 1, 0, 1, 0, 0, 0]
B07BBVBBX7	[7, 2, 9, 2, 0, 0, 3, 3, 1, 1]
B01N6QUAXX	[6, 0, 6, 2, 0, 1, 1, 0, 0, 0]
B07V33MWHP	[11, 5, 3, 6, 0, 3, 0, 0, 1, 0]
B08NK82ZJX	[3, 0, 4, 3, 1, 0, 1, 0, 0, 0]
B07MK8MB82	[0, 0, 0, 1, 0, 0, 0, 0, 0, 0]
B07FZX1N5S	[14, 3, 16, 36, 2, 1, 2, 3, 1, 1]
B07K4CWNV2	[1, 0, 0, 3, 0, 0, 0, 0, 0, 0]
B08M496VGB	[0, 0, 0, 2, 0, 0, 0, 0, 0, 0]
B08RDW2ZBY	[5, 0, 3, 2, 0, 0, 0, 0, 0, 0]
B08D6YTKLW	[1, 0, 2, 1, 0, 0, 0, 0, 0, 0]
B07TL1C92F	[6, 6, 17, 3, 0, 1, 0, 0, 0, 0]
B083LG414V	[4, 2, 1, 13, 0, 0, 0, 0, 0, 0]
B07D4M6Z1Y	[0, 0, 2, 1, 0, 0, 0, 0, 0, 0]
B088BNHM8Q	[3, 0, 5, 2, 1, 0, 1, 0, 0, 0]
B082J7C31T	[0, 0, 1, 0, 1, 1, 0, 0, 1, 1]
B08RP66X5V	[1, 0, 1, 0, 0, 0, 1, 0, 0, 0]
B0958P2X5P	[3, 0, 4, 2, 1, 0, 1, 0, 0, 0]
B07K9KNRZ6	[3, 0, 8, 2, 0, 0, 0, 0, 0, 0]
B07586HT1C	[1, 0, 2, 1, 0, 0, 0, 0, 0, 0]
B07YCKWV9Y	[6, 0, 3, 7, 0, 2, 1, 0, 0, 0]
B08249B8Z6	[10, 5, 1, 0, 0, 2, 0, 0, 1, 0]
B096XNRQLG	[0, 0, 0, 1, 0, 0, 0, 0, 0, 0]
B07GB65VXP	[1, 3, 4, 2, 0, 2, 2, 0, 1, 0]
B093DKGYQF	[3, 0, 6, 1, 0, 0, 1, 1, 0, 0]
B08RR1PMVB	[0, 0, 0, 2, 0, 1, 1, 0, 0, 0]
B0794BPX9T	[15, 5, 15, 15, 1, 4, 1, 1, 1, 1]
B082PZ3GY3	[1, 1, 2, 0, 0, 0, 0, 0, 0, 0]
B07NBHN6MF	[1, 0, 2, 1, 0, 1, 0, 0, 0, 0]
B07JX67V8T	[6, 1, 5, 8, 2, 4, 3, 0, 1, 1]
B09QD2HQCS	[4, 6, 4, 3, 0, 1, 0, 0, 0, 0]
B08NDYXDF1	[1, 6, 3, 25, 1, 0, 1, 0, 0, 0]
B087W4617S	[3, 0, 5, 2, 1, 0, 1, 0, 0, 0]
B08BFVSDJG	[19, 2, 12, 4, 0, 5, 1, 1, 0, 0]
B082RB17ZF	[0, 0, 0, 0, 0, 0, 0, 0, 0, 0]
B07NPMZ689	[0, 2, 2, 5, 0, 1, 1, 2, 1, 0]
B08GSPQ1PD	[0, 1, 0, 41, 0, 0, 0, 0, 0, 0]
B07V9N3CLC	[0, 3, 4, 3, 2, 1, 3, 0, 1, 1]
B09F3DT5XT	[9, 6, 6, 8, 0, 2, 0, 2, 0, 0]
B01EIQSPOY	[17, 4, 17, 10, 1, 2, 2, 0, 1, 1]
B08W1RDL7H	[0, 7, 11, 2, 0, 0, 0, 0, 0, 0]
B09FD6LB8D	[9, 1, 8, 4, 1, 0, 1, 0, 0, 0]
B095PM32MJ	[3, 0, 4, 2, 1, 0, 1, 0, 0, 0]
B07GTGRBFR	[9, 0, 10, 6, 1, 1, 1, 0, 0, 0]
B0949MZPL6	[3, 0, 4, 2, 1, 0, 1, 0, 0, 0]
B09HMHSYPY	[10, 0, 6, 6, 0, 1, 1, 0, 1, 0]
B06XZH3FJZ	[1, 0, 2, 1, 0, 0, 0, 0, 0, 0]
B0816M5H22	[1, 4, 6, 20, 0, 1, 0, 0, 0, 1]
B08XQNKBSH	[0, 0, 0, 0, 0, 0, 0, 0, 0, 0]
B09TB7ZS99	[2, 2, 10, 5, 0, 2, 1, 1, 1, 0]
B0837V2BTD	[13, 3, 7, 3, 0, 1, 0, 0, 1, 0]
B087QHYLTD	[3, 0, 5, 2, 1, 0, 1, 0, 0, 0]
B08L6Y29BG	[4, 1, 4, 3, 0, 0, 1, 0, 0, 0]
B08BJ5ZYVJ	[10, 1, 21, 2, 0, 3, 1, 0, 1, 0]
B09V4LFZDG	[2, 4, 3, 2, 0, 0, 0, 0, 0, 0]
B0987VS934	[3, 0, 5, 2, 1, 0, 1, 0, 0, 0]
B087X54D3F	[3, 0, 5, 2, 1, 0, 1, 0, 0, 0]
B09TWYJFTM	[11, 0, 19, 1, 4, 5, 0, 0, 0, 0]
B07N7FLX51	[12, 2, 14, 3, 0, 1, 0, 0, 0, 0]
B07L5QPGR9	[1, 0, 2, 1, 0, 0, 0, 0, 0, 0]
B09CPRBBKR	[1, 0, 1, 0, 0, 0, 1, 0, 0, 0]
B09643HHVS	[5, 3, 11, 4, 1, 3, 1, 1, 1, 0]
B08XB5L86M	[5, 3, 11, 4, 1, 3, 1, 1, 1, 0]
B07ZT1VTVS	[1, 0, 4, 5, 1, 2, 2, 0, 0, 1]
B07NGS52TQ	[0, 1, 0, 0, 0, 0, 0, 0, 0, 0]
B07QNZNWC8	[2, 0, 7, 11, 1, 0, 1, 0, 0, 0]
B07ZB1352N	[3, 3, 5, 23, 0, 4, 0, 1, 2, 1]
B07JWDFD3F	[0, 0, 1, 0, 0, 1, 0, 0, 0, 0]
B08KS1K9MF	[4, 5, 24, 3, 2, 2, 2, 1, 2, 0]
B07SM9PLZ9	[1, 0, 1, 1, 0, 0, 1, 1, 1, 0]
B07KXWW8TP	[6, 2, 5, 8, 1, 2, 1, 1, 0, 0]
B08LVFM84T	[26, 6, 69, 28, 2, 4, 4, 0, 2, 6]
B088JPBLS9	[6, 0, 3, 1, 0, 1, 0, 0, 0, 0]
B07SZ3XJ88	[3, 0, 0, 3, 0, 0, 0, 0, 0, 0]
B07C5L2MVZ	[6, 3, 6, 3, 1, 2, 0, 0, 0, 0]
B095PG7Y6F	[3, 0, 4, 2, 1, 0, 1, 0, 0, 0]
B083SPJPV9	[0, 0, 5, 2, 0, 0, 0, 0, 0, 0]
B08WYHJ319	[3, 0, 3, 12, 0, 3, 2, 1, 0, 0]
B07NMLKD7B	[3, 1, 8, 9, 1, 2, 1, 1, 1, 0]
B07H8L38H3	[27, 13, 25, 226, 4, 4, 8, 7, 3, 2]
B07CGQQC1R	[0, 0, 1, 5, 0, 0, 0, 0, 0, 0]
B084TYM6FZ	[5, 3, 11, 9, 1, 3, 1, 1, 1, 1]
B087WTJSBK	[3, 0, 5, 2, 1, 0, 1, 0, 0, 0]
B0822ZH44M	[3, 0, 5, 2, 1, 0, 1, 0, 0, 0]
B07GQRBVRN	[42, 5, 40, 30, 1, 8, 1, 0, 3, 0]
B07QM7T71N	[1, 4, 6, 20, 0, 1, 0, 0, 0, 1]
B088BRN7CN	[3, 0, 5, 2, 1, 0, 1, 0, 0, 0]
B09LHZ37VM	[3, 0, 5, 2, 1, 0, 1, 0, 0, 0]
B0896XSPZR	[12, 3, 9, 7, 1, 3, 1, 1, 0, 1]
B07JY9S81F	[3, 0, 8, 0, 0, 0, 0, 0, 0, 0]
B09BBLSFK2	[0, 0, 0, 0, 0, 0, 0, 0, 0, 0]
B07JK2RD4T	[2, 0, 1, 6, 0, 0, 0, 0, 0, 1]
B082J2WHFS	[1, 4, 9, 4, 0, 1, 0, 0, 1, 1]
B08PYD8ZP5	[8, 1, 15, 4, 0, 4, 0, 0, 0, 0]
B088R86GWC	[3, 0, 5, 2, 1, 0, 1, 0, 0, 0]
B07QQH2FWM	[2, 0, 7, 11, 1, 0, 1, 0, 0, 0]
B07WN2DF3N	[0, 0, 0, 0, 0, 0, 0, 0, 0, 0]
B07VQGDNWX	[2, 1, 2, 1, 0, 0, 1, 1, 0, 0]
B07YYRRCY5	[9, 6, 11, 4, 0, 0, 0, 0, 0, 0]
B07FQRLCJL	[0, 2, 1, 1, 0, 1, 0, 0, 0, 1]
B07YWSTFG3	[0, 0, 0, 1, 0, 0, 0, 0, 0, 0]
B0959LFJ72	[2, 4, 4, 5, 1, 1, 0, 0, 0, 0]
B08RJZ67CQ	[1, 0, 0, 0, 0, 0, 0, 0, 0, 0]
B07G499VCZ	[20, 3, 15, 6, 0, 1, 0, 1, 0, 0]
B07JJV13G3	[21, 22, 19, 9, 0, 1, 0, 0, 0, 0]
B07JQ1WVZQ	[10, 0, 12, 2, 0, 0, 2, 0, 0, 0]
B07L14M987	[0, 0, 0, 1, 0, 0, 0, 0, 0, 0]
B07PN53JT3	[0, 0, 0, 0, 0, 0, 0, 0, 0, 0]
B07HRTBPCK	[8, 0, 2, 2, 0, 0, 0, 0, 0, 0]
B08F2G67QB	[3, 4, 12, 6, 2, 1, 0, 0, 1, 2]
B08V36RRYS	[2, 4, 4, 5, 1, 1, 0, 0, 0, 0]
B0987QMNH5	[3, 0, 5, 2, 1, 0, 1, 0, 0, 0]
B09LMCRBQC	[7, 2, 12, 1, 0, 0, 1, 1, 1, 1]
B09HY1V7HK	[5, 1, 7, 9, 0, 3, 0, 0, 0, 0]
B07SWR6YND	[1, 0, 1, 5, 1, 0, 0, 1, 0, 0]
B086H19T2X	[5, 1, 7, 9, 0, 3, 0, 0, 0, 0]
B07SJ8NK19	[3, 0, 0, 3, 0, 0, 0, 0, 0, 0]
B07SS9Y5KF	[0, 2, 1, 1, 0, 1, 0, 0, 0, 1]
B0929G75SR	[3, 0, 4, 2, 1, 0, 1, 0, 0, 0]
B09KSXHXV3	[0, 0, 1, 1, 0, 0, 1, 0, 0, 0]
B07YLLYQ3M	[0, 0, 0, 0, 0, 0, 0, 0, 0, 0]
B07FKMCPYM	[0, 0, 0, 0, 0, 0, 0, 0, 0, 0]
B06XTKDH14	[2, 5, 5, 2, 0, 1, 0, 0, 0, 0]
B08HSDW4V3	[2, 4, 4, 5, 1, 1, 0, 0, 0, 0]
B07PZ8D11K	[0, 0, 2, 1, 0, 0, 0, 0, 0, 0]
B082BGZG15	[11, 3, 11, 3, 0, 0, 2, 1, 0, 1]
B08QW936P5	[2, 4, 4, 5, 1, 1, 0, 0, 0, 0]
B07L6MLJGM	[1, 4, 6, 20, 0, 1, 0, 0, 0, 1]
B07MW7P1DX	[0, 5, 1, 0, 0, 0, 0, 0, 1, 1]
B09JGRK25F	[1, 0, 0, 0, 0, 0, 0, 0, 0, 0]
B07QLSCRCF	[2, 1, 7, 5, 0, 0, 1, 0, 2, 0]
B07JBBBL2J	[5, 1, 3, 7, 0, 0, 0, 1, 0, 0]
B07B9QMTFQ	[4, 0, 0, 1, 0, 0, 0, 0, 0, 0]
B07YM2MDK3	[2, 0, 7, 6, 0, 0, 0, 0, 0, 0]
B08BPFW6BC	[3, 0, 20, 16, 2, 2, 3, 0, 0, 0]
B08B8VC3Z4	[3, 0, 4, 2, 1, 0, 1, 0, 0, 0]
B079WY54NQ	[4, 2, 5, 6, 0, 2, 2, 0, 1, 0]
B081NVXD7Q	[3, 0, 4, 2, 1, 0, 1, 0, 0, 0]
B07VYXY7JW	[0, 0, 1, 0, 0, 0, 0, 0, 0, 0]
B07HNY77XV	[4, 2, 18, 13, 0, 1, 1, 2, 0, 1]
B07RVD8T7X	[1, 0, 2, 1, 0, 0, 0, 0, 0, 0]
B0883B35LQ	[3, 0, 5, 2, 1, 0, 1, 0, 0, 0]
B088R6X9QH	[3, 0, 5, 2, 1, 0, 1, 0, 0, 0]
B08VJGQV6X	[0, 2, 2, 2, 0, 0, 0, 0, 0, 0]
B07LGCL4N4	[0, 0, 0, 0, 0, 0, 0, 0, 0, 0]
B07XGHVF4J	[5, 2, 19, 7, 1, 2, 2, 1, 2, 1]
B09S5PMVFJ	[6, 1, 5, 2, 2, 0, 1, 1, 0, 0]
B084KWKRH3	[5, 3, 11, 8, 1, 3, 1, 1, 1, 1]
B08NF3LNJH	[0, 5, 1, 13, 0, 0, 0, 0, 0, 0]
B09BR9PY3X	[0, 0, 0, 1, 0, 0, 0, 0, 0, 0]
B091FN6BSP	[0, 0, 0, 0, 0, 0, 0, 0, 0, 0]
B083G8T8FG	[0, 0, 0, 0, 0, 0, 0, 0, 0, 0]
B091RT6BSD	[3, 0, 4, 2, 1, 0, 1, 0, 0, 0]
B07R46WL5Q	[4, 0, 6, 4, 0, 2, 0, 0, 0, 0]
B08Q8FHSFT	[2, 0, 2, 1, 0, 0, 0, 0, 0, 0]
B077C124W3	[1, 0, 2, 1, 0, 0, 0, 0, 0, 0]
B082P54XRC	[3, 0, 0, 2, 0, 0, 0, 0, 0, 0]
B07ZYMX7QW	[0, 0, 1, 0, 0, 0, 0, 0, 0, 0]
B09KSV9H82	[0, 0, 1, 1, 0, 0, 1, 0, 0, 0]
B09F9R89F3	[0, 0, 0, 0, 0, 0, 0, 0, 0, 0]
B07Q29MFYP	[7, 2, 2, 6, 0, 1, 1, 0, 1, 1]
B09KXVGRC7	[2, 2, 4, 9, 2, 4, 2, 5, 2, 2]
B0853FLG75	[5, 0, 5, 1, 0, 3, 0, 0, 0, 0]
B0984RXR7Y	[3, 0, 5, 2, 1, 0, 1, 0, 0, 0]
B07K1CGDFZ	[1, 4, 6, 20, 0, 1, 0, 0, 0, 1]
B09566NWDW	[3, 0, 4, 2, 1, 0, 1, 0, 0, 0]
B08QV7L3HJ	[5, 3, 11, 3, 1, 3, 1, 1, 1, 0]
B082H4863N	[1, 0, 3, 1, 0, 0, 1, 0, 1, 0]
B088P35JK9	[13, 4, 16, 7, 3, 6, 5, 1, 2, 1]
B084QC5BKV	[4, 3, 11, 5, 1, 3, 1, 1, 1, 0]
B08F6WG2QT	[5, 3, 14, 4, 1, 3, 1, 1, 1, 0]
B0881T3KZK	[3, 0, 5, 2, 1, 0, 1, 0, 0, 0]
B07NDS2GJ9	[0, 0, 0, 3, 0, 0, 0, 0, 0, 0]
B0984MJ8MX	[3, 0, 5, 2, 1, 0, 1, 0, 0, 0]
B07MQ63WCJ	[3, 1, 2, 0, 0, 0, 2, 1, 0, 0]
B07YW72N34	[17, 0, 18, 2, 0, 1, 0, 1, 2, 1]
B095DYHD9S	[5, 3, 10, 4, 1, 4, 1, 1, 1, 0]
B09R2J1FX3	[0, 1, 0, 0, 0, 0, 0, 0, 0, 0]
B09HL7MXW3	[5, 3, 12, 7, 1, 3, 1, 1, 1, 0]
B08D6YSNSH	[1, 0, 2, 1, 0, 0, 0, 0, 0, 0]
B08RP812WW	[6, 1, 5, 8, 2, 4, 3, 0, 1, 1]
B08H2CD1ZV	[2, 0, 0, 1, 0, 0, 0, 0, 0, 0]
B08NXSPHN2	[3, 0, 4, 2, 1, 0, 1, 0, 0, 0]
B08P3NH9TB	[3, 0, 4, 2, 1, 0, 1, 0, 0, 0]
B089LPBTT4	[0, 0, 0, 0, 0, 0, 0, 0, 0, 0]
B07S8SFJ76	[3, 1, 7, 14, 1, 2, 1, 1, 1, 0]
B08VW7T17Z	[3, 0, 8, 2, 0, 0, 0, 0, 0, 0]
B07HJ5Z7JF	[5, 1, 3, 7, 0, 0, 0, 1, 0, 0]
B092RF6LZ6	[0, 1, 5, 12, 0, 1, 0, 0, 2, 0]
B07VBN6L8D	[1, 1, 3, 7, 0, 1, 0, 1, 0, 0]
B07NL3C54W	[6, 1, 4, 4, 0, 0, 0, 0, 0, 0]
B07X3JG3HQ	[1, 0, 2, 0, 0, 0, 0, 0, 0, 0]
B07BBRLL83	[7, 8, 16, 12, 1, 2, 4, 3, 1, 0]
B07S6BKT8S	[1, 4, 6, 20, 0, 1, 0, 0, 0, 1]
B07MZPXXZN	[3, 1, 3, 6, 2, 0, 1, 0, 0, 0]
B07RXMRJ6N	[0, 0, 0, 1, 0, 0, 0, 0, 0, 0]
B091B86PK8	[1, 0, 3, 1, 0, 0, 1, 0, 1, 0]
B08Q4FNMKH	[3, 0, 5, 2, 1, 0, 1, 0, 0, 0]
B07MXMTXTM	[2, 3, 3, 2, 0, 3, 0, 0, 0, 0]
B08KYG3VF7	[0, 0, 0, 0, 0, 0, 0, 0, 0, 0]
B0893NZ352	[18, 4, 28, 21, 0, 4, 1, 3, 0, 2]
B091D575B7	[5, 3, 5, 3, 1, 0, 2, 0, 2, 1]
B075SXLYJT	[4, 0, 3, 4, 0, 0, 1, 0, 0, 0]
B08CS3L2ZH	[10, 3, 11, 12, 0, 3, 0, 0, 0, 1]
B07G94T74L	[2, 0, 2, 0, 0, 0, 1, 0, 0, 0]
B08P6M3GN3	[3, 0, 8, 2, 0, 0, 0, 0, 0, 0]
B082GH145Q	[2, 0, 1, 2, 0, 0, 1, 0, 0, 0]
B07MMTSNNG	[0, 0, 0, 2, 0, 1, 1, 0, 0, 0]
B08B1T41N5	[5, 3, 9, 4, 1, 3, 0, 1, 1, 0]
B08R8C1XXF	[15, 10, 7, 10, 0, 3, 1, 3, 1, 3]
B09581RXDT	[3, 0, 4, 2, 1, 0, 1, 0, 0, 0]
B07JMRJ9TY	[0, 1, 2, 2, 1, 0, 0, 0, 0, 0]
B08LV5DFKP	[2, 10, 8, 4, 2, 2, 2, 2, 2, 2]
B082MLL6MF	[0, 3, 2, 9, 1, 1, 1, 0, 1, 0]
B081C1YGPP	[9, 1, 6, 1, 0, 2, 1, 0, 0, 0]
B07SPKMZ1S	[0, 0, 0, 0, 0, 0, 0, 0, 0, 0]
B07CGQY5FN	[0, 0, 0, 1, 0, 0, 0, 0, 0, 0]
B088RFC929	[3, 0, 5, 2, 1, 0, 1, 0, 0, 0]
B08158GZ9T	[1, 0, 4, 5, 1, 2, 2, 0, 0, 1]
B09FT7JBJ9	[2, 0, 0, 1, 0, 1, 0, 0, 0, 0]
B07XZ9FGZF	[1, 1, 4, 8, 0, 1, 0, 1, 0, 0]
B07P5FPDSG	[0, 0, 0, 0, 0, 0, 0, 0, 0, 0]
B08FZDSF7T	[5, 3, 11, 4, 1, 3, 1, 1, 1, 0]
B0881LX3N1	[3, 0, 5, 2, 1, 0, 1, 0, 0, 0]
B08DZBVL1R	[1, 2, 3, 0, 0, 0, 0, 0, 0, 0]
B09KTB2F4C	[0, 0, 1, 1, 0, 0, 1, 0, 0, 0]
B08NK5YJKC	[3, 4, 15, 3, 1, 2, 2, 2, 1, 0]
B08DJ93W1C	[3, 0, 5, 2, 1, 0, 1, 0, 0, 0]
B08T1RQDCQ	[4, 4, 22, 6, 1, 5, 1, 1, 1, 1]
B07NQDZS5D	[14, 4, 11, 1, 1, 2, 1, 0, 0, 0]
B07T4NWCFN	[4, 3, 3, 6, 0, 1, 0, 0, 0, 0]
B07P5QCSLT	[2, 4, 14, 4, 0, 2, 1, 1, 0, 0]
B07DLN96M7	[2, 0, 1, 3, 2, 0, 0, 0, 0, 0]
B09CZCB7L1	[2, 4, 4, 5, 1, 1, 0, 0, 0, 0]
B07M95D52L	[1, 0, 0, 1, 0, 0, 0, 0, 0, 0]
B07PF92SHR	[0, 0, 0, 0, 0, 0, 0, 0, 0, 0]
B07SLVCSFS	[1, 0, 1, 2, 0, 0, 1, 0, 0, 0]
B088RGLWPY	[3, 0, 5, 2, 1, 0, 1, 0, 0, 0]
B085QL16R9	[1, 4, 6, 20, 0, 1, 0, 0, 0, 1]
B08YNXHNR7	[1, 0, 1, 1, 0, 1, 0, 0, 0, 0]
B083BMR5ZM	[0, 0, 0, 0, 0, 0, 0, 0, 0, 0]
B087JFCHSL	[0, 0, 0, 0, 0, 0, 0, 0, 0, 0]
B08F38X1FT	[8, 3, 15, 25, 0, 3, 4, 2, 15, 1]
B09F3LV59S	[15, 6, 28, 8, 2, 6, 7, 1, 1, 0]
B08MS5SZ7K	[37, 3, 195, 8, 0, 1, 0, 0, 2, 0]
B075W74Z7V	[1, 0, 2, 1, 0, 0, 0, 0, 0, 0]
B083V617XT	[0, 0, 0, 2, 0, 0, 0, 0, 0, 0]
B088FSCFYC	[0, 0, 0, 9, 0, 1, 0, 0, 0, 0]
B07Q3STFB6	[1, 0, 0, 0, 0, 0, 0, 0, 0, 0]
B07978G5WP	[15, 3, 18, 2, 2, 3, 3, 0, 0, 0]
B0955RLRB1	[3, 0, 4, 2, 1, 0, 1, 0, 0, 0]
B07QLWW5B9	[15, 0, 7, 9, 2, 2, 2, 0, 0, 0]
B09DG5HQ3K	[8, 6, 17, 6, 1, 3, 5, 1, 1, 0]
B09BB3JH5N	[5, 3, 6, 3, 1, 5, 2, 1, 2, 0]
B0824VMYNB	[0, 1, 1, 6, 0, 2, 1, 0, 1, 0]
B07VGB4TWP	[28, 1, 39, 1, 1, 5, 1, 1, 3, 0]
B01JTQCD3W	[0, 0, 2, 0, 0, 0, 0, 0, 0, 0]
B07W94PNWJ	[2, 3, 3, 2, 0, 3, 0, 0, 0, 0]
B07LFGKLWG	[1, 4, 6, 20, 0, 1, 0, 0, 0, 1]
B07VGGLML2	[4, 0, 14, 6, 0, 1, 4, 0, 0, 0]
B082RB8SRJ	[1, 1, 2, 0, 0, 0, 0, 0, 0, 0]
B08NK5QY1F	[2, 1, 2, 5, 0, 1, 1, 0, 1, 0]
B09565D4WT	[3, 0, 4, 2, 1, 0, 1, 0, 0, 0]
B07KQ1WC96	[8, 2, 4, 6, 0, 3, 0, 0, 0, 0]
B07BVJDF6B	[0, 1, 1, 1, 0, 0, 0, 1, 0, 0]
B08FJ85728	[8, 4, 17, 10, 0, 1, 2, 0, 0, 1]
B07ZT5VDT8	[5, 0, 2, 1, 0, 0, 0, 1, 0, 0]
B0881RG76M	[3, 0, 5, 2, 1, 0, 1, 0, 0, 0]
B0955VC5H7	[3, 0, 4, 2, 1, 0, 1, 0, 0, 0]
B08HZF75HH	[0, 0, 2, 1, 0, 0, 0, 0, 0, 0]
B07K6KM73R	[1, 0, 0, 3, 0, 0, 0, 0, 0, 0]
B08DJBWSVB	[3, 0, 5, 2, 1, 0, 1, 0, 0, 0]
B077PML4M8	[0, 0, 0, 0, 0, 0, 0, 0, 0, 0]
B07Q64SJGX	[21, 10, 26, 4, 0, 6, 1, 4, 3, 2]
B07G2MY2TJ	[1, 6, 0, 0, 0, 0, 0, 0, 0, 1]
B0797KRYLB	[1, 0, 2, 1, 0, 0, 0, 0, 0, 0]
B06ZZ2NQW4	[3, 1, 7, 2, 0, 2, 0, 0, 1, 0]
B01MTY7Z5L	[10, 1, 5, 5, 0, 3, 1, 3, 0, 2]
B07PGQ49HP	[0, 0, 3, 1, 0, 0, 0, 0, 0, 0]
B08W21ZK3Y	[14, 2, 11, 1, 1, 2, 1, 0, 0, 0]
B08WXGP16H	[5, 2, 2, 3, 0, 1, 0, 0, 0, 0]
B07R971GXT	[0, 1, 3, 2, 0, 1, 0, 0, 0, 0]
B07KBCTHWM	[0, 0, 0, 0, 0, 0, 0, 0, 0, 0]
B07Z3CDRJQ	[1, 0, 4, 1, 0, 0, 0, 0, 0, 0]
B07NS4L9K5	[0, 0, 0, 0, 0, 0, 0, 0, 0, 0]
B08T9WB3NP	[1, 0, 15, 4, 0, 1, 1, 0, 0, 0]
B08C9M372C	[0, 0, 0, 2, 0, 1, 1, 0, 0, 0]
B07Y78H6N4	[2, 4, 5, 1, 0, 0, 0, 0, 0, 0]
B07HYZ28JF	[1, 0, 1, 2, 0, 1, 1, 0, 0, 0]
B092JRY4FL	[1, 0, 2, 1, 0, 0, 0, 0, 0, 0]
B07N8NNMWL	[8, 6, 9, 6, 1, 3, 1, 0, 2, 0]
B01NBWVWC3	[5, 1, 6, 3, 1, 0, 0, 0, 0, 0]
B06Y3TBYHJ	[1, 0, 2, 1, 0, 0, 0, 0, 0, 0]
B0883BZGMW	[3, 0, 5, 2, 1, 0, 1, 0, 0, 0]
B07YYJBK14	[1, 3, 4, 4, 0, 2, 0, 1, 1, 0]
B07T5DHVZH	[1, 1, 2, 5, 1, 0, 0, 0, 1, 0]
B074YV4VJ3	[1, 0, 2, 1, 0, 0, 0, 0, 0, 0]
B095PHH277	[3, 0, 4, 2, 1, 0, 1, 0, 0, 0]
B078WTXRV3	[2, 0, 5, 2, 0, 1, 0, 0, 0, 0]
B09SL15K4Z	[6, 0, 4, 3, 0, 2, 1, 0, 0, 0]
B07PRZNJ5Q	[3, 0, 3, 2, 0, 0, 0, 0, 0, 0]
B08HVC2WDF	[5, 0, 5, 0, 0, 0, 1, 0, 0, 0]
B07PZJTG2H	[1, 0, 2, 2, 0, 0, 0, 0, 0, 0]
B077K659KM	[32, 6, 15, 6, 0, 2, 0, 0, 2, 0]
B081NQL47T	[0, 0, 0, 2, 0, 1, 1, 0, 0, 0]
B07TFDB5LY	[16, 0, 12, 10, 0, 0, 0, 2, 0, 0]
B08BFVMFRS	[19, 2, 12, 3, 0, 5, 1, 1, 0, 0]
B08157LFQH	[1, 0, 4, 5, 1, 2, 2, 0, 0, 1]
B08NX7P1JK	[5, 0, 3, 3, 0, 0, 0, 1, 0, 0]
B07B8ZB8MV	[5, 0, 9, 2, 1, 0, 0, 0, 0, 0]
B095PGCV9Y	[3, 0, 4, 2, 1, 0, 1, 0, 0, 0]
B08JH2XWG5	[7, 1, 17, 2, 0, 2, 1, 2, 0, 1]
B07VM4HGZ2	[5, 3, 14, 3, 1, 3, 1, 0, 0, 0]
B083C64PNR	[0, 0, 1, 0, 0, 0, 0, 0, 0, 0]
B07CH7XK6W	[13, 0, 5, 5, 1, 2, 0, 0, 0, 0]
B07D2JPHY7	[1, 14, 11, 11, 2, 2, 2, 1, 1, 0]
B07W6M1XJD	[27, 4, 22, 7, 0, 3, 2, 4, 3, 1]
B07WL752YP	[3, 0, 4, 2, 1, 0, 1, 0, 0, 0]
B083TMKWWH	[4, 3, 11, 5, 1, 3, 1, 1, 1, 0]
B01N0D97FZ	[0, 1, 0, 1, 0, 0, 0, 0, 0, 0]
B08J3J929R	[3, 0, 2, 6, 0, 0, 0, 0, 0, 0]
B07GCN94RD	[4, 2, 4, 13, 2, 3, 2, 0, 2, 0]
B07P39B4D7	[6, 1, 6, 7, 1, 1, 0, 0, 0, 0]
B08D6YJHY3	[1, 0, 2, 1, 0, 0, 0, 0, 0, 0]
B0881QRF8Z	[3, 0, 5, 2, 1, 0, 1, 0, 0, 0]
B07P7GFSVR	[0, 0, 0, 0, 0, 0, 0, 0, 0, 0]
B08DRPWVBC	[2, 4, 4, 5, 1, 1, 0, 0, 0, 0]
B07M5TWDJ3	[3, 4, 2, 1, 0, 0, 0, 0, 0, 0]
B06XKZGP59	[3, 2, 4, 5, 0, 1, 1, 0, 0, 0]
B07CYS7YGX	[1, 1, 4, 7, 0, 1, 0, 1, 0, 0]
B09DCZDRRS	[4, 0, 1, 5, 2, 1, 2, 0, 0, 0]
B09PVKDQMM	[1, 5, 5, 4, 0, 0, 0, 0, 1, 0]
B0949LNCK2	[3, 0, 4, 2, 1, 0, 1, 0, 0, 0]
B084MKWDNR	[2, 0, 2, 2, 0, 0, 0, 0, 0, 0]
B07KK66H53	[4, 0, 9, 3, 1, 1, 1, 0, 0, 0]
B07P8SHSXR	[3, 0, 10, 1, 0, 2, 1, 0, 1, 0]
B0969SQWLS	[5, 3, 11, 3, 1, 3, 1, 1, 1, 0]
B083V6CNZ4	[1, 2, 4, 7, 0, 1, 1, 0, 1, 0]
B08L3JYSVH	[12, 5, 2, 3, 1, 2, 0, 0, 0, 0]
B07K6HTTY5	[1, 0, 0, 3, 0, 0, 0, 0, 0, 0]
B0774QZW5S	[5, 14, 18, 5, 0, 7, 2, 2, 2, 1]
B088B6S19P	[3, 0, 5, 2, 1, 0, 1, 0, 0, 0]
B07MQ7F4W1	[0, 0, 0, 1, 0, 0, 0, 0, 0, 0]
B089YQ47FY	[3, 0, 1, 0, 0, 0, 0, 0, 0, 0]
B07YL1ZNGB	[10, 3, 15, 2, 1, 3, 1, 2, 2, 1]
B08BFSV8BR	[19, 2, 12, 5, 0, 4, 1, 1, 0, 0]
B07MVK747X	[0, 0, 0, 2, 0, 1, 1, 0, 0, 0]
B07QB7JP5X	[5, 3, 11, 2, 1, 3, 1, 1, 1, 0]
B08XWBBB1X	[8, 4, 3, 9, 0, 1, 0, 0, 0, 0]
B093X6CJ6Q	[0, 1, 0, 0, 0, 0, 0, 0, 0, 0]
B088TV5GTG	[3, 0, 5, 2, 1, 0, 1, 0, 0, 0]
B075W764W4	[1, 0, 2, 1, 0, 0, 0, 0, 0, 0]
B08NTKCNV2	[0, 2, 3, 7, 1, 2, 1, 2, 1, 0]
B098BDFWNK	[4, 6, 9, 4, 1, 3, 3, 3, 2, 1]
B07QQRK352	[3, 0, 5, 1, 3, 2, 2, 0, 0, 1]
B07CYVVZ35	[13, 6, 10, 6, 2, 3, 3, 3, 2, 0]
B07MM1Y8BX	[0, 1, 4, 5, 0, 0, 0, 0, 0, 0]
B082MB96FV	[1, 0, 3, 7, 0, 1, 0, 0, 0, 0]
B08373HDRT	[5, 3, 11, 4, 1, 3, 1, 1, 1, 0]
B08HQVKD7S	[2, 4, 4, 5, 1, 1, 0, 0, 0, 0]
B089YYRNS7	[3, 0, 4, 2, 1, 0, 1, 0, 0, 0]
B07MQL4D5W	[2, 0, 1, 1, 0, 3, 0, 0, 0, 0]
