B09KT5P6BV	[1, 0, 0, 0, 0, 0, 0, 0, 0, 0]
B07ZTQ5VBN	[0, 0, 0, 5, 0, 0, 0, 0, 0, 0]
B07TDCGY6X	[1, 0, 0, 0, 0, 0, 0, 0, 0, 0]
B071WB521G	[1, 0, 2, 1, 0, 0, 0, 0, 0, 0]
B075Q6HQ72	[1, 0, 2, 1, 0, 0, 0, 0, 0, 0]
B085R6KBXZ	[5, 1, 6, 2, 0, 0, 2, 0, 0, 0]
B09GW8D4BP	[0, 0, 0, 1, 0, 0, 0, 0, 0, 0]
B071KMYTQ2	[2, 0, 3, 0, 0, 0, 0, 0, 0, 0]
B09TG19444	[5, 0, 1, 9, 0, 2, 2, 0, 1, 2]
B07NDJJWTY	[9, 0, 10, 7, 1, 1, 1, 0, 0, 0]
B08G81PMKL	[7, 3, 8, 5, 0, 2, 0, 1, 1, 0]
B089DLRVXR	[5, 1, 8, 9, 0, 3, 0, 0, 0, 0]
B06WVN7SHC	[11, 0, 9, 0, 1, 0, 0, 1, 0, 0]
B077BQ79T3	[0, 8, 5, 5, 0, 3, 0, 0, 0, 0]
B07HCDBMR7	[5, 2, 14, 1, 0, 1, 0, 0, 0, 0]
B07H4NYFSJ	[1, 0, 1, 2, 0, 0, 2, 0, 0, 0]
B01GZDOJOI	[8, 1, 16, 8, 0, 6, 0, 0, 0, 0]
B084DJ6ZCD	[0, 0, 0, 0, 0, 0, 0, 0, 0, 0]
B07PTSDZSR	[0, 0, 0, 0, 0, 0, 0, 0, 0, 0]
B07LG8R468	[2, 0, 2, 0, 0, 0, 0, 0, 0, 0]
B07GQXRCXC	[1, 3, 2, 3, 0, 0, 1, 0, 1, 0]
B07NXXJNF9	[0, 0, 0, 1, 0, 0, 0, 0, 0, 0]
B0844NJYST	[10, 3, 16, 4, 0, 5, 0, 1, 0, 1]
B09B277HQH	[2, 2, 5, 2, 0, 2, 3, 4, 0, 1]
B07CRN2LKP	[9, 1, 7, 6, 0, 0, 1, 1, 0, 0]
B07VH46TDC	[2, 1, 3, 2, 0, 1, 0, 0, 0, 0]
B08RZ3DDKF	[15, 3, 13, 3, 0, 1, 1, 1, 1, 1]
B07C21VHZ7	[5, 0, 3, 2, 0, 0, 0, 1, 0, 0]
B07Y5CPQBT	[3, 0, 0, 6, 0, 0, 0, 0, 0, 0]
B08413QSY7	[0, 0, 0, 0, 0, 0, 0, 0, 0, 0]
B08WPHKGJF	[0, 0, 0, 0, 0, 0, 0, 0, 0, 0]
B08YBSFHMY	[1, 0, 3, 3, 0, 0, 0, 0, 0, 0]
B08RZB4YCM	[5, 3, 5, 3, 1, 3, 0, 2, 2, 0]
B01NCWY0PC	[9, 0, 14, 1, 1, 1, 2, 0, 0, 0]
B07N1NBKTG	[17, 10, 25, 9, 0, 2, 1, 0, 2, 2]
B07K2DRGYJ	[0, 0, 0, 0, 0, 0, 0, 0, 0, 0]
B08KFD3FWF	[0, 0, 1, 2, 0, 0, 0, 0, 0, 0]
B06Y3TH1TB	[1, 0, 2, 1, 0, 0, 0, 0, 0, 0]
B07SRJZ2X6	[0, 0, 0, 4, 0, 0, 0, 0, 0, 0]
B01M6ZNLBA	[8, 1, 16, 8, 0, 6, 0, 0, 0, 0]
B08FJBD7ZS	[0, 0, 0, 0, 0, 0, 0, 0, 0, 0]
B07VJFW13V	[4, 0, 0, 0, 0, 1, 0, 0, 0, 0]
B079JS9GL8	[0, 1, 1, 1, 0, 0, 0, 0, 0, 0]
B07BPR74VX	[3, 0, 5, 2, 0, 1, 0, 0, 0, 0]
B09F66P5GX	[4, 1, 4, 1, 0, 1, 0, 0, 1, 0]
B08PJ4N5CM	[3, 0, 8, 0, 0, 0, 0, 0, 0, 0]
B081Y13K86	[4, 0, 5, 2, 0, 1, 0, 0, 0, 0]
B097RRMHB3	[0, 0, 1, 0, 0, 0, 0, 0, 0, 0]
B07BL4V8D6	[7, 5, 7, 4, 1, 2, 4, 1, 1, 1]
B098NHP2XY	[0, 0, 0, 0, 0, 0, 0, 0, 0, 0]
B08BNG1HX9	[7, 2, 18, 28, 0, 2, 3, 1, 2, 1]
B0788RYH6K	[0, 0, 0, 0, 0, 0, 0, 0, 0, 0]
B08TDY1MGJ	[0, 2, 6, 9, 0, 2, 2, 0, 0, 0]
B08PXYCP3W	[6, 3, 13, 5, 1, 3, 1, 1, 1, 0]
B08FZHTYGT	[0, 1, 0, 43, 0, 0, 0, 0, 0, 0]
B07C236J9Q	[6, 2, 9, 11, 1, 3, 1, 1, 1, 1]
B085S4W1NW	[4, 3, 9, 4, 0, 1, 0, 3, 0, 2]
B08R3J4Z62	[6, 3, 13, 5, 1, 3, 1, 1, 1, 0]
B08FJ8MG8K	[0, 1, 2, 1, 0, 0, 0, 0, 0, 0]
B097YMB3DN	[2, 4, 4, 6, 1, 1, 0, 0, 0, 0]
B07Q2V2RGL	[3, 0, 4, 5, 0, 0, 0, 0, 0, 0]
B09SQ97BKQ	[2, 0, 6, 2, 0, 2, 0, 1, 0, 0]
B01M2ZATT8	[8, 2, 16, 3, 1, 1, 1, 0, 0, 0]
B01MY4T8EN	[0, 0, 0, 4, 0, 0, 0, 0, 0, 0]
B07FDCXCJB	[0, 0, 0, 14, 0, 0, 4, 0, 0, 0]
B085G5VN42	[0, 0, 1, 0, 0, 0, 0, 0, 0, 0]
B09798RV8F	[4, 4, 6, 2, 2, 2, 1, 0, 1, 0]
B07T43F3FK	[0, 0, 0, 3, 0, 0, 0, 0, 0, 0]
B0756X5XJ2	[0, 0, 0, 0, 0, 0, 0, 0, 0, 0]
B08W19731T	[4, 1, 6, 2, 0, 1, 1, 0, 0, 0]
B07BK6KFS8	[12, 12, 15, 17, 0, 0, 1, 5, 1, 1]
B07R7R441G	[4, 0, 10, 4, 0, 1, 2, 0, 0, 0]
B07NQB1BQ6	[5, 0, 7, 3, 1, 0, 1, 0, 0, 0]
B07YKK3B9H	[0, 0, 0, 0, 0, 0, 0, 0, 0, 0]
B0946JGH1G	[1, 0, 3, 3, 0, 0, 0, 0, 0, 0]
B075TSRLBM	[1, 0, 2, 1, 0, 0, 0, 0, 0, 0]
B086RFG6V1	[3, 0, 7, 2, 0, 0, 0, 0, 0, 0]
B079QNY9G8	[0, 0, 0, 6, 0, 0, 0, 0, 0, 0]
B07GSSRSV3	[1, 0, 5, 4, 0, 0, 0, 2, 0, 0]
B077VZ8QXT	[10, 2, 13, 6, 0, 1, 1, 0, 2, 1]
B09HQRVX63	[5, 1, 8, 9, 0, 3, 0, 0, 0, 0]
B0787PKL4L	[9, 0, 13, 2, 0, 0, 2, 0, 0, 0]
B01M3RCM3B	[1, 0, 2, 1, 0, 0, 0, 0, 0, 0]
B09FL8DS18	[3, 0, 4, 8, 2, 1, 0, 1, 1, 0]
B07X5Y867R	[0, 0, 0, 0, 0, 0, 0, 0, 0, 0]
B07X9RVZ67	[0, 0, 0, 0, 0, 0, 0, 0, 0, 0]
B07XBQYM4P	[11, 1, 15, 4, 0, 3, 2, 0, 0, 0]
B075TV17Y7	[1, 0, 2, 1, 0, 0, 0, 0, 0, 0]
B095387VBF	[1, 0, 0, 15, 0, 0, 0, 0, 0, 0]
B09RNCQXP7	[0, 0, 0, 5, 0, 0, 0, 0, 0, 0]
B01N0Y6Z1L	[0, 0, 2, 0, 0, 0, 0, 0, 0, 0]
B08NK2Q19H	[6, 3, 13, 4, 1, 3, 1, 1, 1, 0]
B01LWK38QD	[6, 5, 19, 4, 1, 2, 3, 1, 1, 0]
B08PPNCD8L	[1, 0, 6, 3, 0, 1, 2, 0, 1, 0]
B088X4KHJ1	[6, 2, 6, 2, 1, 1, 0, 0, 0, 0]
B088M7GYBN	[4, 0, 9, 5, 0, 0, 1, 0, 0, 0]
B09ST5WPSR	[6, 0, 8, 3, 2, 0, 1, 0, 0, 0]
B01I9GHK40	[9, 0, 11, 5, 1, 1, 1, 0, 0, 0]
B09DSMFS1R	[2, 0, 4, 2, 0, 1, 0, 0, 0, 0]
B07T9CJYG8	[11, 0, 12, 9, 2, 1, 4, 0, 0, 0]
B09M6LXMZL	[2, 0, 1, 2, 0, 3, 0, 0, 0, 0]
B07NDBYHMR	[3, 0, 7, 2, 0, 0, 0, 0, 0, 0]
B01N02HVK7	[6, 0, 4, 5, 0, 3, 0, 0, 0, 0]
B08QV3GSL3	[2, 4, 4, 6, 1, 1, 0, 0, 0, 0]
B08GSGZFS5	[10, 1, 15, 6, 1, 4, 2, 0, 2, 0]
B01KLKM32Q	[0, 0, 0, 1, 0, 0, 0, 0, 0, 0]
B08P54SDCP	[0, 0, 0, 0, 0, 0, 0, 0, 0, 0]
B077HRVG6P	[3, 2, 7, 6, 1, 4, 4, 0, 2, 0]
B09JKG121H	[6, 0, 8, 3, 2, 0, 1, 0, 0, 0]
B0875NKWJ4	[5, 1, 8, 9, 0, 3, 0, 0, 0, 0]
B08JQPZ5LX	[0, 9, 0, 0, 0, 0, 0, 0, 0, 0]
B0839JYSGN	[0, 0, 0, 2, 0, 0, 0, 0, 0, 0]
B09SPXT4BL	[11, 5, 26, 9, 1, 3, 5, 1, 1, 0]
B09S1BD825	[1, 0, 0, 2, 0, 0, 0, 0, 0, 0]
B082PLS82K	[10, 2, 21, 6, 4, 3, 3, 3, 2, 1]
B07924DBDH	[10, 0, 12, 4, 1, 1, 1, 0, 0, 0]
B081PCRBGP	[2, 2, 1, 6, 0, 0, 2, 0, 0, 0]
B06Y35Y14V	[8, 0, 13, 0, 1, 1, 1, 0, 0, 0]
B075GKBZFP	[1, 0, 2, 1, 0, 0, 0, 0, 0, 0]
B07W68S4JS	[6, 0, 6, 5, 0, 3, 0, 1, 0, 0]
B09B12DZPD	[4, 2, 10, 6, 0, 1, 0, 2, 0, 1]
B07PFKFRCR	[38, 1, 32, 5, 1, 5, 2, 4, 2, 2]
B08XB522R3	[0, 0, 0, 5, 0, 0, 0, 0, 0, 0]
B09LHQXDV6	[6, 0, 8, 3, 2, 0, 1, 0, 0, 0]
B07HDZQJ8P	[4, 2, 4, 8, 0, 2, 0, 0, 1, 0]
B01MXI58Y7	[22, 9, 26, 13, 1, 4, 2, 3, 2, 2]
B08D3PDR8P	[0, 0, 0, 0, 0, 0, 0, 0, 0, 0]
B07NC3RRB5	[1, 0, 1, 1, 0, 1, 0, 0, 0, 1]
B0881W7RPV	[5, 3, 6, 3, 1, 5, 2, 1, 2, 0]
B08PZCW9RV	[0, 1, 0, 1, 0, 0, 0, 0, 0, 0]
B081756QN1	[3, 0, 5, 2, 0, 1, 0, 0, 0, 0]
B08C7H14GP	[5, 0, 4, 6, 1, 3, 1, 1, 1, 0]
B07MC4D3D8	[0, 0, 0, 0, 0, 0, 0, 0, 0, 0]
B071FBGKDS	[12, 1, 34, 6, 2, 2, 4, 1, 1, 0]
B0968HNGH2	[1, 0, 1, 6, 0, 0, 0, 0, 0, 0]
B07SJBX3HG	[4, 6, 6, 30, 0, 2, 1, 1, 1, 1]
B07BD2641F	[0, 0, 0, 0, 0, 0, 0, 0, 0, 0]
B081Y61127	[23, 1, 18, 9, 0, 3, 3, 1, 1, 1]
B07XFNGF8S	[12, 4, 10, 11, 2, 4, 5, 2, 1, 0]
B083GSVQQD	[7, 3, 12, 8, 1, 3, 1, 1, 0, 1]
B086T24HXL	[5, 1, 8, 9, 0, 3, 0, 0, 0, 0]
B08VWXCQSL	[10, 0, 15, 7, 3, 0, 11, 1, 0, 0]
B084ZFR7XX	[20, 7, 10, 7, 0, 3, 1, 0, 0, 1]
B07T1C8YDM	[2, 0, 2, 1, 0, 0, 0, 0, 0, 0]
B09FF83RPZ	[6, 4, 10, 8, 0, 3, 2, 5, 3, 1]
B07VBP5QSC	[0, 0, 0, 2, 0, 0, 0, 0, 0, 0]
B09TSXMXM9	[5, 0, 7, 1, 1, 0, 0, 0, 0, 0]
B07JPYXZWB	[0, 0, 0, 1, 0, 0, 0, 0, 0, 0]
B09KTB7Y66	[1, 0, 0, 0, 0, 0, 0, 0, 0, 0]
B083GM3ZX2	[6, 3, 14, 6, 1, 3, 1, 1, 1, 0]
B0814VVHH7	[0, 0, 0, 0, 0, 0, 0, 0, 0, 0]
B0722KZPGK	[5, 5, 12, 12, 1, 5, 2, 0, 1, 1]
B09KT6W6FM	[1, 0, 0, 0, 0, 0, 0, 0, 0, 0]
B08X12QJY6	[0, 0, 0, 8, 0, 0, 0, 0, 0, 0]
B08BJQCLVF	[6, 2, 9, 4, 0, 3, 0, 1, 0, 2]
B08SQHGNCG	[6, 3, 13, 4, 1, 3, 1, 1, 1, 0]
B09RQXM5JR	[0, 5, 7, 2, 0, 1, 1, 0, 0, 0]
B07TNDMPKY	[12, 2, 30, 15, 2, 3, 9, 0, 0, 1]
B07KXSW7T4	[11, 0, 12, 6, 0, 0, 0, 1, 0, 0]
B08FQN444F	[6, 3, 13, 4, 1, 3, 1, 1, 1, 0]
B075TZZ4WZ	[9, 6, 16, 12, 3, 2, 3, 0, 0, 0]
B076XKK3L3	[0, 0, 0, 0, 0, 0, 0, 0, 0, 0]
B07ZT2PK2H	[7, 24, 36, 2, 0, 0, 1, 1, 0, 1]
B091C3RDB7	[10, 1, 19, 10, 0, 5, 2, 0, 0, 0]
B084TSCMTY	[0, 0, 0, 0, 0, 0, 0, 0, 0, 0]
B08GCXJ1LH	[1, 2, 2, 1, 0, 0, 0, 0, 0, 0]
B09FP5Y1QG	[3, 0, 4, 8, 2, 1, 0, 1, 1, 0]
B01G3FBGM6	[4, 1, 2, 2, 0, 2, 0, 2, 0, 0]
B07PYT1S71	[0, 1, 0, 1, 0, 0, 0, 1, 0, 0]
B083F2L53W	[0, 0, 0, 2, 0, 0, 0, 0, 0, 0]
B09J65DH6Z	[5, 1, 8, 9, 0, 3, 0, 0, 0, 0]
B084KJGGMN	[8, 3, 22, 2, 2, 6, 2, 4, 2, 2]
B07MH6B6MP	[0, 0, 0, 0, 0, 0, 0, 0, 0, 0]
B082M1VL41	[9, 0, 13, 2, 1, 5, 0, 0, 0, 0]
B075GFTWML	[1, 0, 2, 1, 0, 0, 0, 0, 0, 0]
B08QJN2CXF	[7, 2, 8, 6, 1, 5, 3, 0, 0, 1]
B07CHKD9KZ	[3, 0, 7, 2, 0, 0, 0, 0, 0, 0]
B083WNFLYM	[6, 2, 19, 3, 2, 3, 2, 2, 1, 0]
B076JF6HCC	[8, 6, 17, 6, 1, 2, 2, 0, 1, 0]
B076QD6G24	[0, 0, 2, 2, 0, 0, 0, 0, 0, 0]
B071LHX82Q	[8, 0, 10, 2, 1, 1, 1, 0, 0, 0]
B07GFMSJCS	[0, 0, 0, 1, 0, 0, 0, 0, 0, 0]
B079TDPKXZ	[0, 0, 2, 1, 0, 0, 0, 0, 0, 0]
B08FWTPH5D	[7, 5, 15, 7, 2, 3, 3, 0, 1, 0]
B087QSXTLL	[0, 0, 0, 3, 0, 0, 0, 0, 0, 0]
B08LW1KZL3	[3, 0, 4, 2, 1, 0, 1, 0, 0, 0]
B075DVY1SF	[1, 0, 2, 1, 0, 0, 0, 0, 0, 0]
B07XTF1F5J	[4, 2, 12, 4, 3, 0, 1, 0, 0, 0]
B07PFPTP7H	[1, 0, 0, 7, 0, 0, 0, 0, 0, 0]
B01LQ0FAVG	[2, 0, 0, 0, 0, 0, 0, 0, 0, 0]
B07QJCZ6RT	[0, 0, 0, 2, 0, 0, 0, 0, 0, 0]
B07H26M4CL	[0, 0, 0, 0, 0, 0, 0, 0, 0, 0]
B088MLDNRT	[0, 0, 0, 0, 0, 0, 0, 0, 0, 0]
B09JBK86SS	[13, 5, 24, 5, 3, 3, 4, 1, 0, 0]
B0874Q7X47	[6, 3, 13, 5, 1, 3, 1, 1, 1, 0]
B077VGQF5D	[3, 0, 5, 2, 0, 1, 0, 0, 0, 0]
B08V9GDNG1	[6, 3, 13, 3, 1, 3, 1, 1, 1, 0]
B07BV3FDJD	[0, 0, 0, 0, 0, 0, 0, 0, 0, 0]
B073DGMLHX	[0, 1, 4, 13, 0, 0, 0, 0, 0, 0]
B06Y1291WV	[1, 0, 2, 1, 0, 0, 0, 0, 0, 0]
B071CG8GB8	[1, 0, 2, 1, 0, 0, 0, 0, 0, 0]
B0848G34CD	[14, 6, 11, 8, 1, 7, 0, 0, 1, 0]
B07SCQNBDC	[5, 3, 8, 2, 0, 2, 1, 0, 0, 0]
B07CXD46HR	[5, 1, 6, 0, 0, 0, 0, 0, 0, 0]
B01NAX4K87	[7, 1, 16, 7, 3, 4, 4, 2, 2, 0]
B07VP4N1F9	[0, 0, 0, 0, 0, 0, 0, 0, 0, 0]
B073XDNZ7J	[4, 3, 7, 1, 0, 0, 0, 0, 0, 0]
B075WNL2V5	[1, 0, 0, 4, 1, 0, 0, 0, 0, 0]
B09LJ2WCJY	[2, 0, 0, 22, 1, 0, 0, 0, 0, 0]
B07M59FGL9	[14, 6, 11, 8, 1, 7, 0, 0, 1, 0]
B0826CGRK8	[3, 0, 4, 2, 1, 0, 1, 0, 0, 0]
B084H2K33L	[3, 5, 11, 8, 0, 0, 1, 1, 0, 0]
B07MTJ4FD4	[1, 0, 0, 22, 1, 0, 0, 0, 0, 0]
B07PH5C1XC	[1, 0, 2, 0, 0, 0, 1, 0, 0, 0]
B07P41YCYM	[3, 0, 7, 2, 0, 0, 0, 0, 0, 0]
B07NBSHZL2	[5, 4, 7, 3, 0, 2, 1, 2, 1, 1]
B08NX8W3KM	[0, 0, 0, 2, 0, 0, 0, 0, 0, 0]
B07Q8Y8RJ9	[3, 0, 4, 2, 1, 0, 1, 0, 0, 0]
B0791F2MY6	[1, 0, 0, 22, 1, 0, 0, 0, 0, 0]
B07NYR59C2	[0, 0, 0, 6, 0, 0, 0, 0, 0, 0]
B077K2TT1N	[11, 2, 10, 6, 0, 0, 1, 0, 0, 1]
B083ZG47N4	[0, 0, 3, 4, 0, 1, 0, 1, 0, 0]
B08TRS8W1V	[0, 0, 0, 1, 0, 0, 0, 0, 0, 0]
B071WTRBYR	[1, 0, 2, 1, 0, 0, 0, 0, 0, 0]
B07V41F2LK	[0, 0, 1, 2, 0, 1, 0, 0, 0, 0]
B07YWC44GY	[3, 2, 5, 5, 1, 1, 0, 0, 1, 1]
B06XRTJ29M	[1, 0, 2, 1, 0, 0, 0, 0, 0, 0]
B07T995R53	[0, 0, 0, 3, 0, 0, 0, 0, 0, 0]
B07WTQDNYG	[1, 1, 4, 2, 1, 2, 0, 0, 0, 0]
B07NS7Z121	[1, 0, 9, 8, 1, 1, 1, 0, 0, 0]
B07XGCDWKB	[7, 2, 6, 8, 0, 3, 0, 0, 2, 1]
B09V2Z3JBZ	[3, 4, 2, 3, 1, 1, 1, 1, 1, 2]
B091FS1D59	[2, 4, 4, 6, 1, 1, 0, 0, 0, 0]
B07THTKX6Z	[1, 0, 0, 0, 0, 0, 0, 0, 0, 0]
B07SBTL3BJ	[2, 0, 1, 0, 0, 0, 0, 0, 0, 0]
B08NB6X5FZ	[4, 0, 4, 2, 0, 0, 0, 1, 0, 0]
B098FHQZ61	[0, 0, 0, 2, 0, 0, 0, 0, 0, 0]
B01NA9KO1P	[12, 14, 13, 8, 1, 3, 2, 1, 1, 1]
B07T488B9J	[5, 2, 17, 7, 1, 2, 2, 2, 2, 1]
B07MK35XBS	[8, 1, 10, 2, 1, 0, 1, 0, 0, 0]
B07BVDGRGB	[5, 1, 6, 0, 0, 0, 0, 0, 0, 0]
B07PDWPH9V	[2, 1, 4, 4, 0, 3, 0, 0, 0, 0]
B08HQ72Z8G	[0, 0, 0, 2, 0, 0, 0, 0, 0, 0]
B07RT75PPC	[1, 0, 2, 1, 0, 0, 0, 0, 0, 0]
B08QV9TWV6	[3, 0, 7, 2, 0, 0, 0, 0, 0, 0]
B07L34JCNC	[17, 4, 11, 2, 0, 3, 2, 5, 3, 1]
B07LGLTXL5	[10, 5, 14, 8, 1, 2, 3, 1, 0, 1]
B07WNL13S7	[0, 1, 0, 61, 0, 0, 0, 0, 0, 0]
B075Q63ZF7	[1, 0, 2, 1, 0, 0, 0, 0, 0, 0]
B075ZW3NRY	[1, 0, 2, 5, 0, 0, 0, 0, 0, 0]
B081F9CJFM	[8, 0, 6, 7, 0, 2, 0, 1, 0, 0]
B079MFXX44	[0, 0, 0, 2, 0, 0, 0, 0, 0, 0]
B07L33KTPS	[0, 0, 0, 0, 0, 0, 0, 0, 0, 0]
B09HJM7SGN	[0, 0, 0, 1, 0, 0, 0, 0, 0, 0]
B09QGZV99P	[5, 3, 11, 7, 1, 3, 1, 1, 1, 0]
B09B2N5WTW	[14, 6, 11, 8, 1, 7, 0, 0, 1, 0]
B07982V7LD	[3, 0, 10, 0, 1, 0, 1, 0, 1, 0]
B07N6GD132	[0, 0, 0, 0, 0, 0, 0, 0, 0, 0]
B087N4B4LG	[1, 0, 0, 0, 0, 0, 0, 0, 0, 0]
B074KFNWFD	[0, 1, 0, 1, 0, 0, 0, 0, 0, 0]
B089H25957	[0, 0, 0, 1, 0, 0, 0, 0, 0, 0]
B07GDCJ526	[0, 0, 0, 0, 0, 0, 0, 0, 0, 0]
B074MR489M	[9, 1, 12, 5, 1, 1, 0, 1, 0, 1]
B07TYBZNKJ	[0, 0, 0, 0, 0, 0, 0, 0, 0, 0]
B08MQC384C	[0, 0, 0, 3, 0, 0, 0, 0, 0, 0]
B07NRCPMS8	[5, 4, 11, 14, 0, 1, 0, 1, 0, 0]
B06XFN2TZN	[2, 0, 1, 1, 0, 0, 0, 0, 0, 0]
B07QJ1BJLC	[0, 0, 0, 9, 0, 0, 0, 0, 0, 0]
B07HYYGQZ5	[1, 0, 0, 2, 0, 0, 0, 0, 0, 0]
B0946YXRH8	[0, 0, 0, 1, 0, 0, 0, 0, 0, 0]
B07Y2B95T5	[1, 0, 0, 2, 0, 0, 0, 0, 0, 0]
B085FXT5TL	[4, 4, 4, 2, 0, 0, 0, 1, 1, 0]
B0829QXVTN	[0, 1, 0, 3, 0, 1, 0, 0, 0, 0]
B07W3Z74BP	[0, 0, 0, 0, 0, 0, 0, 0, 0, 0]
B07JFSPV73	[1, 4, 3, 3, 0, 3, 1, 1, 1, 1]
B085LHW15F	[0, 0, 0, 1, 0, 0, 0, 0, 0, 0]
B07M8DVF46	[1, 0, 0, 3, 0, 0, 0, 0, 0, 0]
B0853CSZ5N	[0, 0, 0, 5, 0, 0, 0, 0, 0, 0]
B09QT1MZSX	[0, 0, 0, 5, 0, 0, 0, 0, 0, 0]
B07QHN5JFX	[0, 0, 0, 7, 0, 0, 0, 0, 0, 0]
B08MBSC11Q	[3, 0, 5, 3, 0, 1, 0, 0, 0, 0]
B084MFN5TK	[1, 0, 1, 0, 0, 0, 0, 0, 0, 0]
B07B2WF7BX	[0, 0, 0, 0, 0, 0, 0, 0, 0, 0]
B07NPP31GP	[0, 0, 0, 0, 0, 0, 0, 0, 0, 0]
B09GFT7JNW	[1, 2, 4, 7, 0, 1, 0, 1, 0, 0]
B075187DWT	[6, 1, 13, 1, 1, 1, 0, 0, 0, 0]
B07RZ16698	[18, 2, 20, 3, 0, 1, 0, 0, 0, 1]
B07K494YHB	[0, 0, 0, 1, 0, 0, 0, 0, 0, 0]
B07PV9YR2T	[2, 0, 9, 1, 0, 0, 0, 0, 0, 0]
B07N68WRDK	[9, 4, 6, 1, 0, 1, 1, 1, 0, 0]
B07MJ79875	[0, 0, 0, 0, 0, 0, 0, 0, 0, 0]
B08F59JMNF	[0, 0, 1, 2, 0, 0, 0, 0, 0, 0]
B08KRY928Y	[6, 2, 10, 5, 1, 1, 1, 2, 1, 1]
B06ZZPS7BN	[8, 0, 20, 2, 0, 2, 3, 0, 1, 0]
B09BJ8K35N	[1, 0, 0, 4, 0, 0, 0, 0, 1, 0]
B07FK56GVY	[11, 17, 28, 4, 2, 9, 6, 3, 5, 0]
B092WVGHVX	[1, 0, 3, 3, 0, 0, 0, 0, 0, 0]
B01KPXF2LS	[6, 1, 5, 5, 0, 0, 0, 0, 0, 0]
B075ZY6NGD	[1, 0, 2, 5, 0, 0, 0, 0, 0, 0]
B098T4GBZS	[0, 3, 5, 3, 0, 3, 1, 1, 1, 1]
B07FZ534W5	[2, 0, 1, 2, 0, 3, 0, 0, 0, 0]
B07MVX3TJT	[0, 1, 0, 1, 0, 1, 0, 1, 0, 1]
B07W18L6Z5	[11, 0, 17, 8, 2, 5, 6, 0, 0, 0]
B07QS54FMY	[14, 17, 26, 4, 0, 5, 2, 3, 2, 2]
B07FDLLQ93	[8, 2, 9, 2, 0, 3, 0, 0, 0, 0]
B092Y863S3	[1, 0, 3, 3, 0, 0, 0, 0, 0, 0]
B07NCJYWTX	[3, 0, 7, 2, 0, 0, 0, 0, 0, 0]
B08546FNTH	[6, 3, 10, 5, 1, 3, 1, 1, 1, 0]
B06X41Y9JP	[10, 2, 11, 5, 2, 5, 6, 1, 1, 1]
B01EIQVFFA	[4, 5, 21, 7, 1, 3, 1, 2, 3, 1]
B07MW9BXJM	[2, 0, 2, 2, 0, 0, 0, 0, 0, 0]
B08CNK26FL	[0, 2, 5, 3, 0, 0, 0, 0, 0, 0]
B07GKRC2H1	[0, 0, 0, 0, 0, 0, 0, 0, 0, 0]
B071NMXSLS	[20, 5, 25, 7, 2, 4, 2, 0, 1, 1]
B085HJ4KPH	[6, 6, 2, 3, 0, 3, 1, 1, 1, 2]
B078JQ4TR4	[0, 0, 0, 0, 0, 0, 0, 0, 0, 0]
B07V34SWPZ	[2, 2, 5, 4, 1, 2, 0, 0, 0, 0]
B08H522WQC	[2, 2, 8, 2, 0, 2, 0, 0, 0, 0]
B07ZMWHNT1	[2, 2, 8, 1, 1, 0, 0, 1, 0, 1]
B07FKZD276	[12, 8, 15, 15, 0, 5, 4, 1, 0, 0]
B088NJP38V	[15, 6, 41, 18, 3, 4, 3, 2, 2, 3]
B07HB2S38K	[3, 0, 5, 2, 0, 0, 0, 1, 0, 0]
B078HJXGGT	[6, 3, 6, 3, 1, 2, 0, 0, 0, 0]
B07Q365MGY	[1, 0, 0, 0, 0, 0, 0, 0, 0, 0]
B093LFKXMJ	[7, 1, 24, 10, 2, 2, 2, 0, 2, 0]
B01LXQXW3G	[1, 0, 2, 1, 0, 0, 0, 0, 0, 0]
B07ZP58PP4	[3, 0, 4, 2, 1, 0, 1, 0, 0, 0]
B07CJ37YHB	[1, 0, 2, 1, 0, 0, 0, 0, 0, 0]
B01M4QGP3C	[4, 5, 21, 7, 1, 3, 1, 2, 3, 1]
B08MFRY391	[0, 0, 0, 8, 0, 0, 0, 0, 0, 0]
B08SMDZYPB	[3, 0, 4, 3, 1, 0, 1, 0, 0, 0]
B08FR1BM7V	[3, 0, 7, 2, 0, 0, 0, 0, 0, 0]
B07N115BN7	[0, 0, 0, 1, 0, 0, 0, 0, 0, 0]
B01M4LDPX3	[23, 3, 31, 5, 2, 4, 2, 0, 0, 0]
B077D2GY1Z	[7, 0, 15, 2, 5, 5, 0, 0, 0, 0]
B08RZ14LLD	[0, 0, 0, 0, 0, 0, 0, 0, 0, 0]
B08R1GM8LM	[0, 0, 0, 1, 0, 0, 0, 0, 0, 0]
B081XCXD3M	[0, 2, 1, 0, 0, 1, 0, 0, 0, 0]
B07MLVH9GF	[0, 0, 0, 0, 0, 0, 0, 0, 0, 0]
B07CTP81N8	[6, 3, 14, 2, 1, 3, 1, 1, 1, 0]
B07HRG2YMH	[0, 0, 1, 0, 0, 0, 0, 0, 0, 0]
B092245S2L	[5, 3, 13, 3, 1, 3, 1, 1, 0, 0]
B08FMBP7CL	[6, 3, 13, 4, 1, 3, 1, 1, 1, 0]
B07DS61M9X	[1, 0, 0, 4, 1, 0, 0, 0, 0, 0]
B07Q4W48ML	[0, 0, 0, 0, 0, 0, 0, 0, 0, 0]
B074PDF3ZY	[1, 1, 2, 6, 0, 1, 0, 0, 0, 0]
B084RHC951	[5, 5, 15, 7, 1, 3, 0, 2, 2, 2]
B09576P1ZX	[13, 3, 10, 3, 2, 3, 1, 3, 2, 1]
B09FLQG7SC	[1, 0, 1, 1, 0, 0, 0, 0, 0, 0]
B092X12L4B	[1, 0, 3, 3, 0, 0, 0, 0, 0, 0]
B08V43RRHZ	[1, 0, 5, 0, 0, 1, 0, 0, 0, 0]
B08CRZ9K41	[2, 0, 8, 1, 0, 1, 0, 0, 0, 0]
B07KSGWBG2	[0, 0, 0, 1, 0, 0, 0, 0, 0, 0]
B07RMYGPL1	[7, 3, 12, 2, 1, 3, 1, 1, 0, 0]
B07YSRTQ27	[2, 1, 1, 2, 0, 0, 0, 0, 0, 0]
B07PNGPWP3	[1, 0, 0, 2, 0, 1, 1, 0, 0, 0]
B09B3XK158	[7, 2, 18, 6, 2, 9, 3, 0, 2, 0]
B08CY9PR8D	[0, 0, 0, 0, 0, 0, 0, 0, 0, 0]
B07ZR92YG5	[2, 2, 8, 1, 1, 0, 0, 1, 0, 1]
B08T1HYTQD	[6, 3, 13, 5, 1, 3, 1, 1, 1, 0]
B07QY21QLN	[0, 0, 0, 1, 0, 0, 0, 0, 0, 0]
B07QCQ5JV5	[0, 0, 0, 0, 0, 0, 0, 0, 0, 0]
B09MZT5XV2	[0, 0, 0, 0, 0, 0, 0, 0, 0, 0]
B079R91LN6	[25, 4, 30, 12, 1, 10, 13, 0, 1, 0]
B075Y5ZWMV	[0, 0, 0, 0, 0, 0, 0, 0, 0, 0]
B083P661BW	[13, 5, 20, 40, 3, 3, 1, 4, 2, 0]
B07RL947S3	[1, 0, 0, 6, 0, 0, 0, 0, 0, 0]
B08FT597G4	[0, 0, 0, 5, 0, 0, 0, 0, 0, 0]
B09KV812NL	[11, 4, 17, 13, 2, 4, 3, 2, 1, 0]
B08JCC8W56	[3, 0, 4, 2, 1, 0, 1, 0, 0, 0]
B08GNDXWLV	[3, 0, 4, 2, 1, 0, 1, 0, 0, 0]
B07HP6VH4D	[0, 0, 0, 2, 0, 0, 0, 0, 0, 0]
B07PGKK416	[0, 0, 1, 1, 0, 0, 0, 0, 0, 0]
B08D6Z7GP6	[1, 0, 2, 1, 0, 0, 0, 0, 0, 0]
B07GZ11RGR	[4, 4, 13, 2, 0, 2, 0, 1, 0, 0]
B082HVFLY4	[6, 3, 13, 4, 1, 3, 1, 1, 1, 0]
B0841Y9TJJ	[1, 2, 6, 2, 1, 0, 0, 0, 0, 0]
B086QV513T	[6, 2, 12, 4, 1, 3, 1, 1, 1, 0]
B08NGKX3SH	[7, 2, 8, 6, 1, 5, 3, 0, 0, 1]
B09SJ3W3SJ	[5, 0, 3, 1, 0, 0, 0, 0, 0, 0]
B084Q6M9VN	[0, 0, 0, 3, 0, 0, 0, 0, 0, 0]
B08T1DB352	[1, 0, 0, 22, 1, 0, 0, 0, 0, 0]
B088KPSK7K	[5, 0, 2, 4, 0, 1, 0, 0, 0, 0]
B08LMJHK29	[5, 0, 18, 1, 1, 2, 4, 0, 1, 0]
B08MFPLYMF	[0, 0, 0, 1, 0, 0, 0, 0, 0, 0]
B07J5B3C6Z	[0, 0, 0, 0, 0, 0, 0, 0, 0, 0]
B07T3HK8YN	[0, 0, 0, 3, 0, 0, 0, 0, 0, 0]
B088FK9F3M	[14, 6, 11, 8, 1, 7, 0, 0, 1, 0]
B07BNK81YB	[5, 3, 7, 6, 0, 2, 0, 1, 1, 1]
B08FHT25L5	[0, 0, 0, 0, 0, 0, 0, 0, 0, 0]
B07N35FZDB	[3, 0, 5, 2, 0, 1, 0, 0, 0, 0]
B07PPKZB72	[4, 0, 5, 3, 0, 1, 0, 0, 0, 0]
B078561KVS	[3, 0, 5, 2, 0, 1, 0, 0, 0, 0]
B08331FMHX	[3, 0, 7, 2, 0, 0, 0, 0, 0, 0]
B06X6HBQ9J	[12, 2, 42, 5, 3, 2, 4, 1, 1, 0]
B07TT646TM	[2, 0, 3, 1, 0, 0, 0, 0, 0, 0]
B01E7TYGFO	[0, 0, 3, 0, 0, 0, 0, 0, 0, 0]
B07C5MYYBL	[6, 3, 6, 3, 1, 2, 0, 0, 0, 0]
B071XHC4VX	[3, 3, 5, 4, 0, 0, 0, 0, 0, 0]
B073PKWX11	[28, 6, 22, 15, 0, 12, 2, 1, 1, 0]
B079QWD1R7	[0, 0, 0, 2, 0, 0, 0, 0, 0, 0]
B07R79D7TB	[0, 0, 0, 3, 0, 0, 0, 0, 0, 0]
B089KL5SZ6	[0, 0, 0, 2, 0, 0, 0, 0, 0, 0]
B096VMXLV8	[0, 2, 3, 2, 0, 1, 0, 1, 0, 0]
B07QG8XWR1	[0, 0, 3, 0, 0, 0, 0, 0, 0, 0]
B01N0F73US	[2, 0, 0, 26, 0, 0, 0, 0, 0, 0]
B07L5MZVD3	[1, 0, 0, 3, 0, 0, 0, 0, 0, 0]
B07KRVSSZG	[0, 0, 0, 0, 0, 0, 0, 0, 0, 0]
B07PRSFKFC	[9, 6, 20, 20, 2, 6, 8, 2, 3, 4]
B07K38CMDR	[0, 0, 0, 0, 0, 0, 0, 0, 0, 0]
B07PDQ1Q2B	[7, 5, 9, 5, 0, 4, 1, 0, 2, 0]
B075RPKBVD	[3, 0, 5, 2, 0, 1, 0, 0, 0, 0]
B09NPMSG2N	[2, 0, 3, 3, 0, 0, 0, 0, 0, 0]
B07RX8WLGG	[0, 0, 0, 1, 0, 0, 0, 0, 0, 0]
B06VS9WNKN	[1, 0, 0, 4, 0, 0, 0, 0, 0, 0]
B078H4P2FG	[5, 4, 10, 3, 0, 0, 0, 1, 1, 0]
B086WZQ3HZ	[7, 0, 6, 1, 0, 0, 0, 1, 0, 1]
B08QDM1TRD	[0, 0, 0, 6, 0, 0, 0, 0, 0, 0]
B093LGGQ1Q	[6, 3, 14, 6, 1, 3, 1, 1, 1, 0]
B07YTV91CY	[20, 23, 23, 9, 0, 1, 0, 0, 0, 0]
B06WWK5PG1	[1, 0, 2, 1, 0, 0, 0, 0, 0, 0]
B08Q8DZ66P	[0, 0, 0, 1, 0, 0, 0, 0, 0, 0]
B08TX7FH91	[11, 1, 13, 10, 2, 1, 4, 0, 0, 0]
B09JRX1SB6	[1, 0, 0, 0, 0, 0, 0, 0, 0, 0]
B07D22MPPX	[1, 1, 1, 1, 0, 1, 0, 1, 0, 0]
B07RDJ6DHS	[2, 0, 3, 1, 0, 0, 0, 0, 0, 0]
B07P2K3F3R	[3, 2, 4, 3, 0, 0, 0, 1, 1, 1]
B07DXG1ZVJ	[4, 2, 9, 1, 0, 1, 0, 0, 0, 1]
B07QS82SXW	[2, 0, 5, 2, 0, 1, 0, 0, 0, 0]
B09CG879RG	[0, 2, 1, 4, 0, 0, 0, 0, 0, 0]
B091L5WB5S	[0, 0, 0, 0, 0, 0, 0, 0, 0, 0]
B0824WC43Z	[12, 4, 10, 16, 1, 0, 1, 0, 0, 0]
B08YKCYW9W	[8, 0, 4, 0, 1, 1, 0, 0, 0, 0]
B08ZXYYPSW	[3, 2, 3, 3, 0, 2, 1, 1, 2, 2]
B09T3BZN8M	[3, 0, 4, 0, 0, 0, 1, 0, 0, 0]
B07KW5X23N	[0, 0, 1, 2, 0, 0, 0, 0, 0, 0]
B07QWJMJY3	[2, 0, 3, 1, 0, 0, 0, 0, 0, 0]
B077BVSGS4	[7, 4, 14, 4, 0, 3, 0, 0, 0, 0]
B08DTQK457	[7, 3, 12, 4, 1, 3, 1, 1, 0, 0]
B09D5RKJYD	[0, 0, 0, 0, 0, 0, 0, 0, 0, 0]
B07NWPQDHW	[1, 0, 0, 22, 1, 0, 0, 0, 0, 0]
B08HSC65SN	[2, 1, 1, 2, 0, 0, 0, 0, 0, 0]
B08XVZTH71	[0, 0, 0, 0, 0, 0, 0, 0, 0, 0]
B08X9Y4SY2	[6, 1, 9, 2, 1, 0, 1, 1, 0, 1]
B07P1MMFRP	[2, 0, 1, 1, 0, 0, 0, 0, 0, 0]
B07VPN6NZK	[5, 2, 14, 1, 0, 1, 0, 0, 0, 0]
B085NS2PSD	[0, 0, 0, 2, 0, 0, 0, 0, 0, 0]
B07HCRR9VT	[9, 3, 14, 7, 1, 4, 1, 1, 0, 0]
B09MWH9MJD	[6, 0, 8, 3, 2, 0, 1, 0, 0, 0]
B08QN7TXR2	[2, 4, 4, 6, 1, 1, 0, 0, 0, 0]
B01N4RQS4F	[0, 0, 0, 0, 0, 0, 0, 0, 0, 0]
B08NTG6DVP	[5, 0, 5, 3, 0, 0, 1, 0, 0, 0]
B07ZYWN65K	[0, 0, 0, 5, 0, 0, 0, 0, 0, 0]
B07D4JC86G	[1, 0, 1, 3, 0, 0, 0, 0, 0, 0]
B0719P6PL7	[5, 0, 0, 2, 0, 0, 0, 0, 0, 0]
B07M8GVCPS	[0, 0, 0, 0, 0, 0, 0, 0, 0, 0]
B07MM63ZY3	[0, 0, 0, 7, 0, 0, 0, 0, 0, 0]
B07FFWTWSV	[5, 0, 3, 0, 0, 0, 0, 1, 0, 0]
B08576HX6Y	[36, 32, 51, 8, 0, 4, 5, 10, 2, 1]
B07T97RWTP	[0, 0, 0, 1, 0, 0, 0, 0, 0, 0]
B07PTQPL2S	[0, 0, 1, 1, 0, 0, 0, 1, 0, 0]
B07BF7XL6F	[1, 1, 1, 0, 0, 0, 0, 0, 0, 0]
B085G9WBF5	[3, 0, 4, 2, 1, 0, 1, 0, 0, 0]
B08FQQ4MPQ	[22, 18, 17, 7, 2, 2, 0, 0, 0, 0]
B0872SDHY5	[0, 0, 0, 0, 0, 0, 0, 0, 0, 0]
B08FZKYC57	[1, 3, 2, 11, 1, 2, 1, 1, 1, 0]
B075L8JCF9	[1, 0, 2, 1, 0, 0, 0, 0, 0, 0]
B074NY8FV6	[1, 0, 2, 1, 0, 0, 0, 0, 0, 0]
B07X84VQTB	[1, 0, 12, 1, 1, 3, 0, 0, 0, 0]
B08NYDP55R	[0, 1, 0, 37, 0, 0, 0, 0, 0, 0]
B07QDZS1G5	[0, 0, 0, 4, 0, 0, 0, 0, 0, 0]
B07K2T8K6S	[5, 4, 6, 1, 0, 1, 3, 0, 0, 0]
B08ZNY9FV9	[6, 3, 12, 5, 1, 3, 1, 1, 0, 0]
B07JDTKYWS	[8, 0, 4, 0, 1, 1, 0, 0, 0, 0]
B0857K23JK	[1, 2, 1, 2, 0, 1, 0, 0, 0, 0]
B07PYYT541	[0, 0, 0, 0, 0, 0, 0, 0, 0, 0]
B0859WS7LW	[6, 4, 7, 10, 1, 2, 1, 1, 1, 0]
B08X2394Z5	[0, 0, 0, 8, 0, 0, 0, 0, 0, 0]
B095CGTGHW	[6, 3, 13, 3, 1, 3, 1, 1, 1, 0]
B08BTWTD71	[6, 0, 11, 1, 0, 0, 2, 0, 0, 0]
B08HL9DL1G	[10, 2, 2, 7, 0, 1, 0, 0, 1, 0]
B07F3PV2MY	[6, 2, 3, 2, 1, 1, 1, 1, 1, 1]
B089QNGHMV	[10, 2, 2, 7, 0, 1, 0, 0, 1, 0]
B01DKP0BT6	[4, 0, 9, 3, 0, 0, 4, 0, 0, 0]
B07XPB8SQN	[7, 2, 6, 8, 0, 3, 0, 0, 2, 1]
B09QQTS3JL	[0, 0, 0, 5, 0, 0, 0, 0, 0, 0]
B01N7VQ1IC	[7, 1, 5, 5, 3, 0, 2, 0, 0, 0]
B079RBQJQ7	[0, 0, 0, 2, 0, 0, 0, 0, 0, 0]
B07L8DK8SC	[1, 0, 1, 2, 0, 1, 1, 0, 0, 0]
B09NNTMTN5	[7, 3, 12, 3, 1, 3, 1, 1, 0, 0]
B086698RZP	[0, 1, 1, 1, 0, 0, 0, 1, 0, 0]
B09D29RQVS	[2, 4, 4, 6, 1, 1, 0, 0, 0, 0]
B087X84C7P	[1, 0, 1, 3, 0, 1, 0, 0, 0, 0]
B07PSNRPQW	[15, 3, 10, 1, 1, 2, 1, 0, 0, 0]
B0979PQQ5G	[0, 0, 0, 2, 0, 0, 0, 0, 0, 0]
B084VJBT8C	[7, 0, 5, 5, 0, 1, 1, 0, 0, 0]
B093D2SGKC	[7, 0, 6, 0, 0, 5, 1, 0, 0, 1]
B0787HK4FN	[0, 0, 0, 0, 0, 0, 0, 0, 0, 0]
B09BK5W1JW	[0, 0, 0, 1, 0, 0, 0, 0, 0, 0]
B0857GN4JC	[8, 3, 14, 8, 3, 7, 5, 1, 0, 0]
B07DL9WJG4	[9, 6, 11, 7, 0, 1, 1, 1, 0, 0]
B075F37ZHM	[1, 0, 2, 1, 0, 0, 0, 0, 0, 0]
B084HBTDZG	[6, 3, 13, 4, 1, 3, 1, 1, 1, 0]
B07QXXBL8K	[1, 2, 1, 2, 0, 1, 0, 0, 0, 0]
B06WD3KLCP	[6, 1, 6, 7, 0, 2, 0, 0, 0, 0]
B087CL93VX	[5, 1, 8, 9, 0, 3, 0, 0, 0, 0]
B08R6Q4D42	[0, 0, 0, 0, 0, 0, 0, 0, 0, 0]
B07HLJ8JW5	[4, 0, 3, 1, 0, 1, 1, 0, 0, 0]
B01MU60ZOA	[1, 0, 0, 6, 0, 0, 0, 0, 0, 0]
B07PX3F7BB	[2, 0, 3, 0, 0, 0, 0, 0, 0, 0]
B09NXPFCX7	[0, 0, 0, 2, 0, 0, 0, 0, 0, 0]
B07HQVQQQN	[0, 0, 0, 0, 0, 0, 0, 0, 0, 0]
B09B18SK6R	[0, 0, 0, 1, 0, 0, 0, 0, 0, 0]
B01JTL2PYE	[0, 4, 0, 2, 0, 2, 2, 0, 0, 0]
B07SX4X2X6	[0, 0, 3, 2, 0, 0, 0, 0, 0, 0]
B082QS6S9Z	[3, 0, 4, 2, 1, 0, 1, 0, 0, 0]
B08PFW8DTV	[6, 0, 5, 3, 1, 1, 0, 0, 0, 0]
B075VHSBTL	[6, 1, 8, 1, 1, 3, 3, 0, 3, 1]
B09BHTNCY5	[2, 4, 4, 6, 1, 1, 0, 0, 0, 0]
B092FSC22Q	[2, 4, 4, 6, 1, 1, 0, 0, 0, 0]
B07FNSZ6ZS	[1, 0, 1, 5, 0, 0, 0, 0, 0, 0]
B08K984CDQ	[0, 0, 0, 0, 0, 0, 0, 0, 0, 0]
B08FTJ8TX7	[2, 4, 4, 6, 1, 1, 0, 0, 0, 0]
B07W225C35	[3, 0, 5, 2, 0, 1, 0, 0, 0, 0]
B08L3VXY6G	[0, 0, 0, 0, 0, 0, 0, 0, 0, 0]
B07R61SQ3Q	[0, 0, 0, 16, 0, 0, 0, 0, 0, 0]
B075F7FMRM	[2, 3, 6, 6, 0, 0, 0, 1, 1, 1]
B07PZBBBF1	[2, 3, 3, 8, 0, 1, 0, 0, 1, 0]
B09G6BJGQW	[9, 2, 14, 2, 0, 1, 0, 1, 0, 0]
B07WSHW67Y	[6, 3, 14, 4, 1, 3, 1, 1, 1, 0]
B08D9MWRNP	[12, 5, 23, 3, 0, 1, 2, 1, 0, 0]
B07MW75XS4	[0, 0, 0, 0, 0, 0, 0, 0, 0, 0]
B08W3YH8RQ	[2, 4, 3, 4, 0, 1, 0, 2, 0, 1]
B07SV57CSY	[0, 0, 0, 3, 0, 0, 0, 0, 0, 0]
B096KDBNNX	[0, 4, 6, 3, 0, 6, 2, 6, 5, 2]
B07R5VHGLW	[1, 0, 0, 6, 0, 0, 0, 0, 0, 0]
B09FFLKTJK	[0, 0, 0, 0, 0, 0, 0, 0, 0, 0]
B07DGXRLQL	[5, 0, 4, 2, 1, 1, 3, 1, 0, 0]
B08Q8DC34F	[0, 0, 0, 1, 0, 0, 0, 0, 0, 0]
B01HBI4FIQ	[11, 2, 8, 10, 0, 1, 2, 1, 0, 0]
B09BCV4441	[4, 1, 6, 3, 0, 1, 1, 0, 0, 0]
B07KPVKRFW	[12, 4, 7, 2, 0, 0, 2, 1, 1, 0]
B086QVR2NZ	[5, 1, 8, 9, 0, 3, 0, 0, 0, 0]
B01N1ZVI7M	[11, 0, 18, 6, 1, 2, 2, 0, 0, 0]
B07VBP5GSC	[6, 0, 3, 7, 0, 2, 1, 0, 0, 0]
B08QSC6Q6H	[0, 0, 2, 10, 1, 2, 0, 0, 0, 1]
B07Z2S66N6	[4, 0, 3, 2, 0, 0, 0, 1, 0, 0]
B01JP8EOCW	[10, 4, 25, 11, 2, 1, 1, 2, 2, 2]
B092WBH6Y3	[1, 0, 3, 3, 0, 0, 0, 0, 0, 0]
B07TFDRB34	[8, 4, 11, 3, 1, 1, 0, 1, 1, 1]
B09MW7VNKV	[2, 4, 4, 6, 1, 1, 0, 0, 0, 0]
B0897R6XB1	[0, 0, 0, 2, 0, 0, 0, 0, 0, 0]
B09QD73WJP	[6, 0, 8, 3, 2, 0, 1, 0, 0, 0]
B077L31Z6K	[0, 0, 2, 62, 0, 0, 0, 0, 0, 0]
B079KTHX79	[2, 0, 5, 2, 0, 1, 0, 0, 0, 0]
B09QHJ5MKS	[3, 0, 2, 5, 0, 4, 2, 1, 1, 1]
B07JMM35CJ	[1, 0, 2, 1, 0, 0, 0, 0, 0, 0]
B07WRS58M1	[2, 0, 4, 0, 0, 0, 0, 0, 0, 0]
B08SHK5CGY	[6, 3, 13, 4, 1, 3, 1, 1, 0, 0]
B08L635287	[0, 0, 0, 1, 0, 0, 0, 0, 0, 0]
B075JB58NC	[1, 0, 2, 1, 0, 0, 0, 0, 0, 0]
B08DHS6ZLZ	[1, 0, 0, 8, 0, 0, 0, 0, 0, 0]
B07S1X7WNW	[2, 0, 3, 1, 0, 0, 0, 0, 0, 0]
B08BFV8BC8	[21, 3, 23, 5, 0, 5, 1, 1, 0, 0]
B08QR9B397	[5, 3, 9, 12, 1, 2, 1, 0, 2, 5]
B01NGYXJ8U	[6, 1, 6, 7, 0, 2, 0, 0, 0, 0]
B08N5BW1H9	[5, 0, 3, 1, 0, 0, 0, 0, 0, 0]
B0731LJ4L9	[0, 0, 0, 19, 0, 0, 0, 0, 0, 0]
B07YCKWV9Y	[6, 0, 3, 7, 0, 2, 1, 0, 0, 0]
B01MZWP6X1	[0, 1, 1, 2, 0, 0, 0, 0, 0, 0]
B07586HT1C	[1, 0, 2, 1, 0, 0, 0, 0, 0, 0]
B07TSPVXHM	[0, 0, 0, 1, 0, 1, 0, 0, 0, 0]
B07SL6F2YT	[2, 0, 3, 1, 0, 0, 0, 0, 0, 0]
B08RP66X5V	[1, 0, 1, 0, 0, 0, 1, 0, 0, 0]
B079L5NZ5M	[4, 0, 5, 3, 0, 1, 0, 0, 0, 0]
B082J7C31T	[0, 0, 0, 0, 0, 0, 0, 0, 0, 0]
B09QD2HQCS	[1, 0, 0, 2, 0, 0, 0, 0, 0, 0]
B07PFDYL48	[0, 1, 0, 2, 0, 0, 0, 0, 0, 0]
B01N188I03	[5, 1, 15, 6, 0, 1, 3, 1, 0, 1]
B06ZYTH1DZ	[5, 1, 2, 2, 0, 0, 0, 1, 0, 1]
B0794BPX9T	[14, 5, 15, 12, 1, 2, 1, 1, 1, 1]
B093DKGYQF	[3, 0, 7, 1, 0, 0, 1, 1, 0, 0]
B089DJWT3L	[0, 0, 0, 2, 0, 0, 0, 0, 0, 0]
B07CHP3HXF	[0, 0, 1, 5, 0, 0, 0, 0, 0, 0]
B09V5K6LS1	[24, 10, 24, 14, 0, 3, 10, 5, 1, 3]
B08NK82ZJX	[3, 0, 4, 4, 1, 0, 1, 0, 0, 0]
B01N6QUAXX	[4, 0, 10, 3, 0, 1, 2, 0, 0, 0]
B07BBVBBX7	[1, 0, 0, 1, 0, 0, 1, 0, 0, 0]
B07T91F8R6	[0, 0, 0, 3, 0, 0, 0, 0, 0, 0]
B07D4M6Z1Y	[0, 0, 2, 1, 0, 0, 0, 0, 0, 0]
B079T46PHL	[4, 5, 13, 11, 3, 4, 2, 2, 3, 3]
B083LG414V	[1, 3, 5, 13, 0, 1, 0, 0, 0, 0]
B06XDL4876	[9, 0, 10, 3, 1, 1, 1, 0, 0, 0]
B08D6YTKLW	[1, 0, 2, 1, 0, 0, 0, 0, 0, 0]
B08RDW2ZBY	[5, 0, 3, 1, 0, 0, 0, 0, 0, 0]
B0722L5PCB	[4, 0, 12, 1, 0, 0, 2, 0, 0, 0]
B07F655Y2N	[0, 0, 2, 1, 0, 0, 0, 0, 0, 0]
B08M496VGB	[4, 3, 12, 5, 0, 1, 0, 0, 0, 0]
B072KN2CQV	[6, 4, 16, 4, 0, 0, 2, 1, 1, 0]
B07FZX1N5S	[13, 5, 21, 33, 2, 1, 6, 3, 1, 1]
B08YBX1RBF	[1, 0, 3, 3, 0, 0, 0, 0, 0, 0]
B09BGBG2QK	[0, 0, 0, 1, 0, 0, 0, 0, 0, 0]
B094MB3KYW	[2, 4, 4, 6, 1, 1, 0, 0, 0, 0]
B07DBFW3Z9	[18, 3, 13, 7, 0, 3, 1, 3, 2, 2]
B0725SYSZF	[2, 0, 3, 0, 0, 0, 0, 0, 0, 0]
B0967TNWZ3	[0, 0, 0, 0, 0, 0, 0, 0, 0, 0]
B097CGL2RG	[1, 0, 3, 1, 0, 1, 0, 0, 0, 0]
B07BXP6XLT	[6, 0, 2, 0, 0, 0, 0, 0, 0, 0]
B083P28DK8	[2, 2, 8, 2, 1, 0, 0, 1, 0, 1]
B07Q1JM74R	[1, 4, 7, 1, 1, 0, 3, 4, 2, 1]
B09QGZJ2ZB	[1, 2, 5, 3, 0, 1, 2, 0, 0, 0]
B08136NFXR	[2, 0, 5, 4, 0, 1, 1, 0, 0, 0]
B083G4V6D3	[9, 3, 22, 3, 4, 7, 1, 3, 1, 0]
B096WDLZ8S	[2, 4, 4, 6, 1, 1, 0, 0, 0, 0]
B0746KJ11G	[5, 5, 12, 12, 1, 5, 2, 0, 1, 1]
B07YYGVNM4	[6, 3, 14, 4, 1, 3, 1, 1, 1, 0]
B0875KVMK6	[6, 0, 13, 2, 0, 1, 1, 0, 0, 0]
B09ML1P3RN	[4, 5, 7, 6, 0, 2, 0, 1, 0, 0]
B09JMRS7CY	[6, 4, 17, 6, 1, 3, 5, 1, 1, 0]
B09RMG87ZY	[0, 1, 0, 1, 0, 0, 0, 0, 0, 0]
B08B5THZH5	[3, 0, 2, 0, 0, 0, 0, 0, 0, 0]
B083SN9PSH	[2, 0, 0, 1, 0, 1, 1, 0, 0, 0]
B077Y3WHYQ	[4, 2, 6, 2, 4, 0, 0, 0, 0, 0]
B087QFDJ2Q	[2, 0, 0, 8, 0, 0, 0, 0, 0, 0]
B07SSZWCC8	[2, 0, 1, 0, 0, 0, 0, 1, 0, 0]
B071GKJ35R	[0, 0, 0, 9, 0, 0, 0, 0, 0, 0]
B07C5L2MVZ	[6, 3, 6, 3, 1, 2, 0, 0, 0, 0]
B07SZ3XJ88	[0, 0, 0, 3, 0, 0, 0, 0, 0, 0]
B07KXWW8TP	[4, 1, 7, 8, 1, 2, 1, 1, 0, 2]
B07S5KXGWW	[0, 0, 0, 0, 0, 0, 0, 0, 0, 0]
B07GQRBVRN	[11, 2, 15, 24, 1, 1, 0, 0, 1, 0]
B07CZ4C83M	[0, 0, 0, 35, 0, 0, 0, 0, 0, 0]
B084TYM6FZ	[6, 3, 13, 5, 1, 3, 1, 1, 1, 0]
B07CGQQC1R	[0, 0, 1, 5, 0, 0, 0, 0, 0, 0]
B0781CTG58	[3, 0, 5, 2, 0, 1, 0, 0, 0, 0]
B07H8L38H3	[31, 17, 33, 12, 2, 7, 11, 13, 3, 3]
B08WYHJ319	[0, 0, 0, 8, 0, 0, 0, 0, 0, 0]
B08XB5L86M	[6, 3, 13, 4, 1, 3, 1, 1, 1, 0]
B09643HHVS	[0, 0, 0, 1, 0, 0, 0, 0, 0, 0]
B09CPRBBKR	[0, 0, 0, 0, 0, 0, 0, 0, 0, 0]
B07N7FLX51	[12, 2, 15, 3, 0, 1, 0, 0, 0, 0]
B07L5QPGR9	[1, 0, 2, 1, 0, 0, 0, 0, 0, 0]
B07W14SSH7	[6, 0, 3, 7, 0, 2, 1, 0, 0, 0]
B09TWYJFTM	[0, 0, 0, 0, 0, 0, 0, 0, 0, 0]
B07ZB1352N	[3, 3, 6, 23, 0, 4, 0, 1, 2, 1]
B07QNZNWC8	[0, 0, 0, 4, 0, 0, 0, 0, 0, 0]
B07ZT1VTVS	[0, 0, 0, 2, 0, 0, 0, 0, 0, 0]
B08CRXBNH6	[1, 0, 1, 0, 0, 0, 0, 0, 0, 0]
B08XQNKBSH	[0, 0, 1, 0, 0, 0, 0, 0, 0, 0]
B06XZH3FJZ	[1, 0, 2, 1, 0, 0, 0, 0, 0, 0]
B09HMHSYPY	[9, 0, 6, 5, 0, 2, 0, 0, 0, 0]
B08CVNT3L8	[1, 2, 2, 3, 0, 0, 0, 0, 0, 0]
B08BJ5ZYVJ	[7, 2, 17, 7, 1, 4, 0, 1, 0, 0]
B08L6Y29BG	[4, 1, 4, 3, 0, 0, 1, 0, 0, 0]
B0837V2BTD	[16, 3, 9, 3, 0, 1, 0, 0, 1, 0]
B084H978W7	[11, 0, 11, 7, 0, 0, 0, 1, 0, 0]
B07V9N3CLC	[0, 4, 3, 3, 0, 3, 1, 1, 1, 1]
B08GSPQ1PD	[0, 1, 0, 41, 0, 0, 0, 0, 0, 0]
B08215Y1Y7	[0, 0, 1, 10, 0, 0, 2, 0, 0, 0]
B06XMZ1KYG	[4, 0, 3, 3, 0, 1, 1, 0, 0, 0]
B08BFVSDJG	[21, 3, 23, 5, 0, 5, 1, 1, 0, 0]
B08NDYXDF1	[1, 6, 3, 25, 1, 0, 1, 0, 0, 0]
B084C4DCPQ	[30, 4, 18, 3, 0, 3, 2, 5, 3, 1]
B0966GXSN7	[9, 0, 5, 6, 0, 1, 2, 1, 0, 0]
B07GTGRBFR	[9, 0, 10, 7, 1, 1, 1, 0, 0, 0]
B07GS13Y9G	[0, 0, 2, 4, 0, 0, 0, 0, 0, 0]
B09FD6LB8D	[10, 1, 9, 4, 0, 0, 0, 0, 0, 0]
B08W1RDL7H	[2, 8, 20, 6, 0, 0, 2, 0, 0, 2]
B01EIQSPOY	[17, 4, 17, 10, 1, 2, 2, 0, 1, 1]
B07ZD8RYBF	[1, 0, 8, 1, 0, 0, 0, 0, 0, 0]
B09F3DT5XT	[8, 6, 6, 12, 0, 3, 0, 1, 0, 0]
B095W8SC4D	[6, 6, 15, 4, 2, 5, 2, 6, 3, 1]
B08QW936P5	[2, 4, 4, 6, 1, 1, 0, 0, 0, 0]
B082BGZG15	[14, 3, 10, 3, 1, 0, 4, 0, 1, 1]
B01N5JOIK2	[7, 5, 11, 11, 2, 6, 5, 3, 3, 0]
B08HSDW4V3	[2, 4, 4, 6, 1, 1, 0, 0, 0, 0]
B087QRVDQQ	[6, 3, 13, 6, 1, 3, 1, 1, 1, 0]
B06XTKDH14	[2, 5, 5, 2, 0, 1, 0, 0, 0, 0]
B07T3HXPRS	[3, 0, 0, 3, 0, 0, 0, 0, 0, 0]
B09H8H8W5C	[0, 0, 0, 0, 0, 0, 0, 0, 0, 0]
B08BPFW6BC	[0, 0, 0, 9, 0, 0, 0, 0, 0, 0]
B07B9QMTFQ	[4, 0, 0, 1, 0, 0, 0, 0, 0, 0]
B07JBBBL2J	[0, 0, 0, 5, 0, 0, 0, 0, 0, 0]
B093GY6MPB	[0, 3, 26, 5, 4, 1, 0, 1, 1, 0]
B09JGRK25F	[0, 0, 0, 0, 0, 0, 0, 0, 0, 0]
B07MW7P1DX	[0, 5, 1, 2, 0, 0, 0, 0, 1, 1]
B081775X6C	[4, 9, 3, 3, 0, 1, 0, 0, 0, 0]
B072NZRSMH	[5, 4, 10, 3, 0, 0, 0, 1, 1, 0]
B07JWHT3F3	[0, 2, 0, 2, 1, 3, 1, 0, 1, 1]
B08HZFYMJD	[5, 4, 11, 13, 0, 2, 0, 0, 0, 1]
B071H9XNMB	[0, 0, 0, 3, 0, 0, 0, 0, 0, 0]
B08V36RRYS	[2, 4, 4, 6, 1, 1, 0, 0, 0, 0]
B092MKJYJM	[4, 7, 5, 4, 0, 0, 1, 3, 0, 1]
B08Z8DB4YG	[1, 0, 0, 4, 0, 0, 0, 0, 1, 0]
B09KSXHXV3	[1, 0, 0, 0, 0, 0, 0, 0, 0, 0]
B086H19T2X	[5, 1, 8, 9, 0, 3, 0, 0, 0, 0]
B07SJ8NK19	[0, 0, 0, 3, 0, 0, 0, 0, 0, 0]
B07SWR6YND	[1, 0, 1, 5, 1, 0, 0, 1, 0, 0]
B09HY1V7HK	[5, 1, 8, 9, 0, 3, 0, 0, 0, 0]
B07G499VCZ	[20, 3, 16, 6, 0, 1, 0, 1, 0, 0]
B01HCB4Y5Q	[10, 0, 19, 4, 0, 0, 3, 1, 0, 0]
B086D1DPL8	[0, 0, 0, 0, 0, 0, 0, 0, 0, 0]
B0959LFJ72	[2, 4, 4, 6, 1, 1, 0, 0, 0, 0]
B07KXRBVFH	[2, 0, 0, 0, 0, 0, 0, 0, 0, 0]
B079NTNDT2	[6, 0, 9, 3, 0, 0, 0, 0, 0, 0]
B077WKC8M2	[3, 0, 5, 2, 0, 1, 0, 0, 0, 0]
B08F2G67QB	[3, 4, 12, 6, 2, 1, 0, 0, 1, 2]
B07HRTBPCK	[7, 0, 2, 2, 0, 0, 0, 0, 0, 0]
B07PN53JT3	[1, 0, 0, 22, 1, 0, 0, 0, 0, 0]
B07L14M987	[0, 0, 0, 1, 0, 0, 0, 0, 0, 0]
B07JQ1WVZQ	[9, 0, 13, 2, 0, 0, 2, 0, 0, 0]
B01N4DMQ5P	[23, 3, 31, 5, 2, 4, 2, 0, 0, 0]
B07JJV13G3	[20, 23, 23, 9, 0, 1, 0, 0, 0, 0]
B07JY9S81F	[3, 0, 8, 0, 0, 0, 0, 0, 0, 0]
B0896XSPZR	[12, 3, 9, 7, 1, 3, 1, 1, 0, 1]
B089RJGVF1	[3, 6, 9, 1, 1, 3, 2, 4, 2, 2]
B06Y13422L	[1, 2, 2, 1, 0, 0, 0, 0, 0, 0]
B07L1421PV	[0, 0, 0, 0, 0, 0, 0, 0, 0, 0]
B09LHZ37VM	[3, 0, 5, 2, 1, 0, 1, 0, 0, 0]
B0721P2MB8	[4, 0, 9, 3, 0, 0, 4, 0, 0, 0]
B07QQH2FWM	[0, 0, 0, 4, 0, 0, 0, 0, 0, 0]
B07B7CYQYC	[0, 0, 0, 0, 0, 0, 0, 0, 0, 0]
B08PYD8ZP5	[8, 1, 15, 2, 0, 5, 0, 0, 0, 0]
B082J2WHFS	[12, 14, 65, 17, 2, 6, 2, 2, 0, 2]
B073PVG4JT	[0, 0, 0, 0, 0, 0, 0, 0, 0, 0]
B08NXSPHN2	[3, 0, 4, 2, 1, 0, 1, 0, 0, 0]
B078RZY6VV	[0, 0, 0, 1, 0, 0, 0, 0, 0, 0]
B08D6YSNSH	[1, 0, 2, 1, 0, 0, 0, 0, 0, 0]
B09HL7MXW3	[0, 0, 0, 3, 0, 0, 0, 0, 0, 0]
B09MRQ38PR	[10, 5, 25, 7, 1, 3, 4, 1, 1, 0]
B08B7ZXYFP	[0, 0, 1, 0, 0, 0, 1, 2, 1, 1]
B09R2J1FX3	[0, 0, 0, 0, 0, 0, 0, 0, 0, 0]
B092Y256YK	[1, 0, 3, 3, 0, 0, 0, 0, 0, 0]
B076F6BRFT	[1, 0, 2, 5, 0, 0, 0, 0, 0, 0]
B07W5MVVVF	[4, 4, 4, 2, 0, 0, 0, 1, 1, 0]
B08FCJT7PR	[6, 4, 17, 7, 1, 3, 5, 1, 1, 0]
B081CWL1K4	[6, 0, 3, 7, 0, 2, 1, 0, 0, 0]
B086JXPKYW	[0, 0, 1, 0, 0, 0, 0, 0, 0, 0]
B0834Q2513	[13, 5, 11, 7, 0, 1, 3, 3, 1, 1]
B08VW7T17Z	[3, 0, 7, 2, 0, 0, 0, 0, 0, 0]
B07B3TSJT6	[0, 0, 0, 0, 0, 0, 0, 0, 0, 0]
B07S8SFJ76	[4, 1, 8, 16, 1, 1, 1, 1, 1, 0]
B01KIRS7YA	[8, 4, 6, 18, 2, 0, 1, 0, 0, 0]
B089LPBTT4	[0, 0, 0, 0, 0, 0, 0, 0, 0, 0]
B08F6WG2QT	[6, 3, 13, 4, 1, 3, 1, 1, 1, 0]
B084QC5BKV	[5, 3, 10, 4, 1, 3, 1, 1, 1, 0]
B088P35JK9	[18, 5, 28, 6, 4, 8, 7, 2, 4, 1]
B08QV7L3HJ	[6, 3, 13, 5, 1, 3, 1, 1, 0, 0]
B07QNPMCM2	[0, 0, 0, 0, 0, 0, 0, 0, 0, 0]
B083SLFYYB	[2, 0, 2, 1, 0, 1, 0, 0, 0, 0]
B07Q29MFYP	[7, 3, 2, 5, 0, 1, 1, 0, 1, 1]
B09F9R89F3	[0, 0, 0, 0, 0, 0, 0, 0, 0, 0]
B095DYHD9S	[0, 0, 0, 2, 0, 0, 0, 0, 0, 0]
B07GXMXY8N	[8, 4, 4, 5, 0, 4, 1, 3, 4, 0]
B07YW72N34	[0, 3, 0, 14, 0, 0, 0, 0, 0, 0]
B07MQ63WCJ	[1, 0, 0, 0, 0, 0, 0, 0, 0, 0]
B08T9KPCBM	[0, 1, 7, 3, 0, 1, 1, 0, 0, 0]
B07NDS2GJ9	[1, 0, 0, 3, 0, 0, 0, 0, 0, 0]
B098KFB5XC	[0, 1, 2, 1, 0, 0, 0, 0, 0, 0]
B077C124W3	[1, 0, 2, 1, 0, 0, 0, 0, 0, 0]
B01MTDK1A2	[0, 0, 0, 0, 0, 0, 0, 0, 0, 0]
B08Q8FHSFT	[0, 0, 0, 1, 0, 0, 0, 0, 0, 0]
B07R46WL5Q	[1, 0, 3, 0, 0, 0, 1, 0, 0, 0]
B083G8T8FG	[0, 0, 0, 0, 0, 0, 0, 0, 0, 0]
B091FN6BSP	[0, 0, 0, 0, 0, 0, 0, 0, 0, 0]
B09BR9PY3X	[0, 0, 0, 1, 0, 0, 0, 0, 0, 0]
B08BG3F1TX	[3, 3, 16, 2, 1, 3, 0, 0, 0, 0]
B08NF3LNJH	[0, 3, 1, 10, 0, 0, 0, 0, 0, 0]
B07JWJ1KN7	[5, 5, 6, 0, 0, 0, 0, 0, 0, 0]
B079MCF5B7	[7, 2, 7, 6, 0, 3, 6, 5, 1, 2]
B09KSV9H82	[1, 0, 0, 0, 0, 0, 0, 0, 0, 0]
B08F7H2LG7	[0, 0, 0, 1, 0, 0, 0, 0, 0, 0]
B08CF1B8S8	[0, 0, 0, 0, 0, 0, 0, 0, 0, 0]
B07RVD8T7X	[1, 0, 2, 1, 0, 0, 0, 0, 0, 0]
B077GCRH7M	[6, 0, 4, 26, 10, 2, 3, 0, 0, 6]
B07HNY77XV	[1, 0, 1, 4, 0, 0, 0, 0, 0, 0]
B07N1GNDX4	[0, 0, 0, 2, 0, 0, 0, 0, 0, 0]
B07VYXY7JW	[0, 0, 2, 0, 0, 0, 0, 0, 0, 0]
B079WY54NQ	[5, 2, 8, 6, 0, 2, 2, 0, 1, 0]
B07Q1C8Z61	[0, 1, 2, 1, 0, 0, 1, 0, 0, 0]
B0776G7FH8	[0, 0, 0, 0, 0, 0, 0, 0, 0, 0]
B084KWKRH3	[6, 3, 13, 4, 1, 3, 1, 1, 1, 0]
B09GY7NXBV	[9, 0, 6, 5, 0, 2, 0, 0, 0, 0]
B09S5PMVFJ	[2, 3, 2, 5, 0, 4, 0, 0, 2, 1]
B07NZ59HHZ	[6, 0, 4, 3, 0, 0, 0, 0, 0, 0]
B07TY3RVDQ	[2, 0, 3, 1, 0, 0, 0, 0, 0, 0]
B09R9TW9S8	[0, 0, 0, 0, 0, 0, 0, 0, 0, 0]
B07SLVCSFS	[1, 0, 1, 1, 0, 0, 1, 0, 0, 0]
B07H2M19KQ	[13, 4, 11, 4, 1, 1, 2, 1, 1, 1]
B07ZHBV7C9	[8, 6, 7, 5, 1, 4, 6, 6, 5, 1]
B089DH5H2S	[0, 0, 2, 0, 0, 0, 0, 0, 0, 0]
B075W74Z7V	[1, 0, 2, 1, 0, 0, 0, 0, 0, 0]
B09F3LV59S	[16, 6, 31, 10, 1, 5, 8, 3, 1, 0]
B08F38X1FT	[3, 1, 4, 20, 0, 1, 1, 2, 4, 1]
B087JFCHSL	[0, 0, 0, 0, 0, 0, 0, 0, 0, 0]
B07CHWQ54L	[3, 5, 12, 8, 0, 2, 0, 0, 0, 1]
B08YNXHNR7	[1, 0, 1, 1, 0, 1, 0, 0, 0, 0]
B07KCCW9S4	[7, 3, 3, 7, 0, 1, 1, 1, 1, 0]
B09KTB2F4C	[1, 0, 0, 0, 0, 0, 0, 0, 0, 0]
B08DZBVL1R	[1, 2, 3, 0, 0, 0, 0, 0, 0, 0]
B08FZDSF7T	[6, 3, 13, 4, 1, 3, 1, 1, 1, 0]
B08178MR5M	[4, 9, 3, 3, 0, 1, 0, 0, 0, 0]
B09RGPYHLL	[3, 2, 6, 3, 0, 2, 3, 4, 0, 1]
B09FT7JBJ9	[0, 0, 0, 0, 0, 0, 0, 0, 0, 0]
B07PF92SHR	[0, 0, 0, 1, 0, 0, 0, 0, 0, 0]
B082VWZ372	[3, 4, 7, 4, 3, 1, 0, 0, 0, 1]
B09FPGG11K	[3, 0, 4, 8, 2, 1, 0, 1, 1, 0]
B09CZCB7L1	[2, 4, 4, 6, 1, 1, 0, 0, 0, 0]
B07DLN96M7	[2, 0, 1, 3, 2, 0, 0, 0, 0, 0]
B07T4NWCFN	[6, 3, 2, 5, 0, 1, 0, 0, 0, 0]
B07NQDZS5D	[15, 4, 11, 1, 1, 2, 1, 0, 0, 0]
B07P5QCSLT	[3, 4, 10, 4, 1, 2, 1, 1, 0, 1]
B08T1RQDCQ	[8, 2, 27, 8, 1, 5, 1, 5, 3, 1]
B08NK5YJKC	[2, 3, 21, 5, 1, 2, 3, 2, 2, 1]
B08J8H8DW9	[1, 3, 6, 3, 2, 2, 1, 1, 2, 1]
B07MMTSNNG	[0, 0, 0, 1, 0, 0, 0, 0, 0, 0]
B08SBXZKRM	[5, 1, 14, 5, 1, 5, 1, 2, 1, 0]
B08P6M3GN3	[3, 0, 7, 2, 0, 0, 0, 0, 0, 0]
B07G94T74L	[2, 0, 1, 0, 0, 0, 1, 0, 0, 0]
B08CS3L2ZH	[1, 0, 0, 11, 0, 0, 0, 0, 0, 0]
B075SXLYJT	[3, 0, 5, 2, 0, 1, 0, 0, 0, 0]
B07CGQY5FN	[0, 0, 0, 1, 0, 0, 0, 0, 0, 0]
B092G9SW8Q	[22, 9, 26, 13, 1, 4, 2, 3, 2, 2]
B0922VCXSJ	[0, 0, 0, 0, 0, 0, 0, 0, 0, 0]
B081C1YGPP	[9, 1, 6, 1, 0, 2, 1, 0, 0, 0]
B01N75MZBO	[0, 0, 1, 1, 0, 0, 0, 0, 0, 0]
B09NKYXPFX	[28, 18, 26, 7, 1, 2, 3, 2, 1, 1]
B07X3JG3HQ	[1, 0, 0, 0, 0, 0, 0, 0, 0, 0]
B079Y7DWWV	[0, 0, 0, 0, 0, 0, 0, 0, 0, 0]
B0893NZ352	[18, 4, 27, 21, 0, 4, 1, 3, 0, 2]
B07MXMTXTM	[14, 6, 11, 8, 1, 7, 0, 0, 1, 0]
B08Q4FNMKH	[3, 0, 5, 2, 1, 0, 1, 0, 0, 0]
B07PMK7YJK	[9, 1, 4, 2, 0, 1, 2, 0, 1, 0]
B08JSG11J7	[2, 0, 2, 2, 0, 0, 1, 0, 0, 0]
B07QR7YMNX	[0, 0, 0, 1, 0, 0, 0, 0, 0, 0]
B07X618R9L	[2, 0, 3, 1, 0, 0, 0, 0, 0, 0]
B06Y3TBYHJ	[1, 0, 2, 1, 0, 0, 0, 0, 0, 0]
B07N8NNMWL	[10, 6, 8, 2, 2, 4, 1, 0, 2, 0]
B07BFBFXZF	[0, 0, 1, 5, 0, 0, 0, 0, 0, 0]
B092YLFGK4	[1, 0, 3, 3, 0, 0, 0, 0, 0, 0]
B09MKF8HQ7	[8, 2, 7, 5, 2, 4, 2, 0, 0, 1]
B08HVC2WDF	[6, 3, 14, 7, 1, 3, 1, 1, 1, 0]
B07PRZNJ5Q	[3, 0, 3, 2, 0, 0, 0, 0, 0, 0]
B09SL15K4Z	[6, 0, 3, 3, 0, 2, 1, 0, 0, 0]
B08L6T7GPC	[5, 4, 11, 14, 0, 1, 0, 1, 0, 0]
B01EKJX3M8	[2, 0, 2, 1, 0, 0, 0, 0, 0, 0]
B078WTXRV3	[2, 0, 5, 2, 0, 1, 0, 0, 0, 0]
B0821KMRTG	[6, 3, 13, 5, 1, 3, 1, 1, 1, 0]
B074YV4VJ3	[1, 0, 2, 1, 0, 0, 0, 0, 0, 0]
B07T5DHVZH	[0, 0, 0, 5, 0, 0, 0, 0, 0, 0]
B0797KRYLB	[1, 0, 2, 1, 0, 0, 0, 0, 0, 0]
B084QDBBCB	[7, 6, 24, 19, 3, 4, 2, 3, 2, 1]
B07N3Y386Q	[9, 2, 4, 3, 0, 3, 0, 3, 1, 3]
B07G2MY2TJ	[1, 6, 0, 0, 0, 0, 0, 0, 0, 1]
B07S9BQG6Z	[0, 0, 0, 0, 0, 0, 0, 0, 0, 0]
B07Q64SJGX	[0, 0, 0, 0, 0, 0, 0, 0, 0, 0]
B077PML4M8	[0, 0, 0, 0, 0, 0, 0, 0, 0, 0]
B092JRY4FL	[1, 0, 2, 1, 0, 0, 0, 0, 0, 0]
B08N1C61QD	[6, 5, 18, 5, 1, 3, 1, 1, 0, 0]
B07HYZ28JF	[1, 0, 1, 2, 0, 1, 1, 0, 0, 0]
B08WZ6R8KZ	[0, 0, 0, 8, 0, 0, 0, 0, 0, 0]
B08T9WB3NP	[0, 0, 0, 4, 0, 0, 0, 0, 0, 0]
B07Y78H6N4	[0, 0, 0, 0, 0, 0, 0, 0, 0, 0]
B07NS4L9K5	[0, 0, 0, 0, 0, 0, 0, 0, 0, 0]
B07Z3CDRJQ	[1, 0, 3, 1, 0, 0, 0, 0, 0, 0]
B07KBCTHWM	[0, 0, 0, 0, 0, 0, 0, 0, 0, 0]
B09RMQNSX7	[6, 0, 8, 3, 2, 0, 1, 0, 0, 0]
B07DB6357R	[9, 0, 7, 3, 1, 4, 0, 0, 1, 0]
B09G2ZQ9TH	[12, 5, 10, 12, 1, 6, 2, 7, 2, 2]
B07R971GXT	[0, 1, 3, 3, 0, 1, 0, 0, 0, 0]
B08W21ZK3Y	[16, 2, 12, 1, 1, 2, 1, 0, 0, 0]
B07CM3XNVX	[0, 0, 0, 0, 0, 0, 0, 0, 0, 0]
B08WXGP16H	[5, 2, 2, 3, 0, 1, 0, 0, 0, 0]
B01MTY7Z5L	[9, 1, 5, 4, 0, 3, 1, 2, 0, 2]
B07XYBLMSN	[5, 17, 12, 10, 3, 4, 1, 1, 2, 1]
B06ZZ2NQW4	[3, 1, 8, 3, 0, 2, 0, 0, 1, 0]
B07QSQNFPG	[0, 0, 0, 0, 0, 0, 0, 0, 0, 0]
B07B4S6P8C	[0, 0, 0, 1, 0, 0, 0, 0, 0, 0]
B0821Q4KLW	[1, 0, 3, 2, 0, 0, 0, 0, 0, 0]
B07MJF9D5J	[0, 0, 0, 0, 0, 0, 0, 0, 0, 0]
B082MK6S8B	[13, 2, 10, 4, 0, 1, 3, 0, 0, 0]
B09RMT2S7F	[6, 0, 8, 3, 2, 0, 1, 0, 0, 0]
B078KLZL1R	[4, 2, 2, 1, 0, 1, 2, 0, 0, 0]
B07ZT5VDT8	[4, 0, 2, 1, 0, 0, 0, 1, 0, 0]
B08FJ85728	[9, 2, 17, 10, 0, 2, 2, 0, 0, 0]
B07BVJDF6B	[0, 1, 1, 1, 0, 0, 0, 1, 0, 0]
B07KQ1WC96	[8, 2, 4, 6, 0, 3, 0, 0, 0, 0]
B082VYF4TZ	[4, 0, 9, 5, 0, 0, 1, 0, 0, 0]
B09BB3JH5N	[5, 3, 6, 3, 1, 5, 2, 1, 2, 0]
B09DG5HQ3K	[12, 4, 26, 10, 1, 3, 2, 3, 1, 0]
B07QLWW5B9	[9, 0, 10, 7, 1, 1, 1, 0, 0, 0]
B07PF8LDZR	[7, 0, 19, 5, 0, 0, 0, 0, 0, 0]
B07978G5WP	[16, 3, 17, 1, 2, 3, 3, 1, 0, 0]
B07Q3STFB6	[0, 0, 0, 0, 0, 0, 0, 0, 0, 0]
B08QDMRSWG	[1, 0, 1, 0, 0, 0, 0, 0, 0, 0]
B075Q94RCC	[1, 0, 0, 23, 1, 0, 0, 0, 0, 0]
B083V617XT	[0, 0, 0, 2, 0, 0, 0, 0, 0, 0]
B07F8SJQ1C	[18, 9, 12, 8, 1, 6, 7, 5, 5, 1]
B09CLMFKGC	[0, 0, 0, 5, 0, 0, 0, 0, 0, 0]
B08BXLPC1H	[11, 4, 18, 3, 0, 1, 0, 2, 1, 0]
B07CSY999D	[0, 0, 0, 2, 0, 0, 0, 0, 0, 0]
B07VGGLML2	[4, 0, 13, 6, 0, 1, 4, 0, 0, 0]
B078XDM3KM	[0, 0, 3, 0, 0, 0, 0, 0, 0, 0]
B07W94PNWJ	[14, 6, 11, 8, 1, 7, 0, 0, 1, 0]
B089GZ331Y	[2, 0, 0, 4, 0, 0, 0, 0, 0, 0]
B094J2PBND	[0, 0, 0, 0, 0, 0, 0, 0, 0, 0]
B01JTQCD3W	[16, 2, 17, 6, 2, 2, 5, 2, 2, 1]
B084H3DZBN	[6, 0, 2, 2, 1, 4, 2, 1, 1, 0]
B07VGB4TWP	[36, 1, 39, 1, 0, 7, 0, 2, 3, 1]
B07CYVVZ35	[13, 6, 10, 6, 2, 3, 2, 3, 2, 0]
B07QQRK352	[3, 0, 6, 1, 3, 2, 2, 0, 0, 1]
B075W764W4	[1, 0, 2, 1, 0, 0, 0, 0, 0, 0]
B093X6CJ6Q	[0, 0, 0, 0, 0, 0, 0, 0, 0, 0]
B07NPLTH9R	[0, 0, 2, 1, 0, 1, 0, 0, 0, 0]
B07QB7JP5X	[6, 3, 13, 3, 1, 3, 1, 1, 1, 0]
B07MVK747X	[0, 0, 0, 1, 0, 0, 0, 0, 0, 0]
B08BFSV8BR	[21, 3, 23, 6, 0, 4, 1, 1, 0, 0]
B073XDXZP3	[9, 0, 11, 0, 1, 1, 1, 0, 0, 0]
B077VXLBZJ	[0, 0, 0, 0, 0, 0, 0, 0, 0, 0]
B07H3MW9XJ	[0, 0, 0, 0, 0, 0, 0, 0, 0, 0]
B08373HDRT	[6, 3, 13, 5, 1, 3, 1, 1, 1, 0]
B084MKWDNR	[2, 0, 2, 2, 0, 0, 0, 0, 0, 0]
B093QJHZMV	[4, 3, 9, 4, 1, 3, 1, 1, 1, 1]
B077P8BCBR	[0, 1, 0, 47, 0, 0, 0, 0, 0, 0]
B083W14HFG	[3, 0, 9, 2, 3, 3, 2, 0, 0, 0]
B07CZ31QD9	[0, 0, 1, 1, 0, 0, 0, 0, 0, 0]
B07YL1ZNGB	[10, 3, 15, 2, 1, 3, 1, 2, 2, 1]
B07MQ7F4W1	[0, 0, 0, 1, 0, 0, 0, 0, 0, 0]
B08V5J8KFB	[0, 0, 0, 0, 0, 0, 0, 0, 0, 0]
B0865KGSBM	[3, 2, 6, 3, 0, 1, 1, 1, 0, 1]
B089YQ47FY	[3, 0, 8, 0, 0, 0, 0, 0, 0, 0]
B0774QZW5S	[5, 14, 8, 5, 1, 8, 2, 3, 2, 1]
B08L3JYSVH	[15, 3, 14, 13, 2, 3, 1, 4, 3, 1]
B06WLNT945	[27, 24, 42, 13, 1, 7, 4, 8, 2, 1]
B08HGRF2Z9	[2, 3, 10, 4, 1, 2, 0, 1, 0, 0]
B0969SQWLS	[6, 3, 13, 3, 1, 3, 1, 1, 0, 0]
B07P8SHSXR	[2, 0, 10, 1, 0, 1, 2, 0, 1, 0]
B07P7GFSVR	[0, 0, 0, 1, 0, 0, 0, 0, 0, 0]
B07ZL6PSGG	[2, 0, 2, 2, 0, 1, 0, 0, 0, 0]
B075K22219	[3, 0, 5, 2, 0, 0, 0, 0, 0, 0]
B08D6YJHY3	[1, 0, 2, 1, 0, 0, 0, 0, 0, 0]
B07P39B4D7	[0, 0, 0, 6, 0, 0, 0, 0, 0, 0]
B07Q4PS3LB	[0, 0, 0, 0, 0, 0, 0, 0, 0, 0]
B01N0D97FZ	[0, 2, 0, 1, 0, 0, 0, 0, 0, 0]
B08CY74L7B	[7, 3, 12, 5, 1, 3, 1, 1, 0, 0]
B06XKZGP59	[3, 2, 8, 5, 1, 0, 1, 0, 0, 0]
B07MZ94ZSS	[4, 5, 11, 4, 1, 1, 0, 1, 0, 1]
B07BD39BR4	[0, 1, 6, 4, 0, 1, 0, 0, 0, 0]
B084RCH8W6	[0, 0, 1, 10, 0, 0, 2, 0, 0, 0]
B08BFVMFRS	[21, 3, 23, 4, 0, 5, 1, 1, 0, 0]
B07PZJTG2H	[1, 0, 2, 2, 0, 0, 0, 0, 0, 0]
B077K659KM	[27, 6, 16, 11, 0, 2, 0, 0, 2, 0]
B083TMKWWH	[6, 3, 13, 6, 1, 3, 1, 1, 1, 0]
B07WL752YP	[3, 0, 4, 2, 1, 0, 1, 0, 0, 0]
B07W6M1XJD	[0, 0, 0, 2, 0, 0, 0, 0, 0, 0]
B07CH7XK6W	[12, 1, 5, 6, 0, 2, 0, 0, 1, 0]
B07VM4HGZ2	[6, 3, 14, 4, 1, 3, 1, 1, 1, 0]
B08JH2XWG5	[7, 1, 19, 2, 0, 2, 1, 2, 0, 1]
B07B8ZB8MV	[5, 0, 9, 1, 1, 0, 0, 0, 0, 0]
B08NX7P1JK	[4, 0, 3, 2, 0, 0, 0, 1, 0, 0]
B073TSSNK4	[1, 0, 2, 1, 0, 0, 0, 0, 0, 0]
B072JTTR7R	[2, 0, 4, 4, 0, 0, 0, 1, 0, 0]
B08PTRBJ63	[1, 0, 1, 1, 0, 1, 0, 0, 0, 0]
B097RKMPSZ	[2, 4, 4, 6, 1, 1, 0, 0, 0, 0]
B079JFNVQL	[0, 0, 0, 6, 0, 0, 0, 0, 0, 0]
B073VQT9P4	[4, 0, 9, 4, 1, 1, 1, 0, 0, 0]
B07JN28CF7	[1, 0, 2, 1, 0, 0, 0, 0, 0, 0]
B07KC56TFC	[1, 0, 1, 2, 0, 0, 1, 0, 0, 0]
B06XRJN11K	[2, 3, 4, 5, 0, 3, 1, 0, 1, 1]
B089GV92HP	[3, 4, 12, 4, 0, 1, 0, 0, 0, 0]
B0762YYDS9	[2, 0, 3, 0, 0, 1, 0, 0, 0, 0]
B09CS6KX4L	[27, 5, 20, 2, 4, 1, 1, 2, 2, 0]
B08J3TF4QQ	[1, 1, 5, 3, 1, 2, 0, 0, 0, 0]
B084H7W93V	[6, 5, 14, 4, 1, 2, 0, 1, 1, 0]
B083ZD894J	[0, 0, 0, 2, 0, 0, 0, 0, 0, 0]
B0725VZ242	[0, 0, 3, 0, 0, 0, 0, 0, 0, 0]
B085H9LNRD	[14, 3, 11, 1, 1, 2, 1, 0, 0, 0]
B0882Z8RFF	[1, 0, 1, 2, 0, 0, 1, 0, 0, 0]
B08MF1WGWG	[0, 1, 0, 39, 0, 0, 0, 0, 0, 0]
B073VLZQYY	[0, 0, 1, 3, 0, 0, 0, 0, 0, 0]
B07WSPHCBQ	[7, 3, 12, 4, 1, 3, 1, 1, 0, 0]
B01BI9JO1W	[0, 1, 0, 39, 0, 0, 0, 0, 0, 0]
B06XWNGRRL	[4, 4, 2, 1, 1, 2, 3, 6, 3, 1]
B084VM8YQ6	[0, 1, 1, 1, 0, 0, 0, 1, 0, 0]
B081VGVGTT	[10, 5, 6, 5, 1, 4, 6, 6, 5, 1]
B07B2YDVN2	[1, 0, 0, 1, 0, 0, 0, 0, 0, 0]
B08729Z98N	[15, 8, 1, 1, 1, 2, 0, 0, 0, 0]
B073XFDK19	[9, 0, 11, 6, 1, 1, 1, 0, 0, 0]
B07L53LWLR	[0, 0, 1, 0, 0, 0, 0, 0, 0, 0]
B075L35YDY	[1, 0, 2, 1, 0, 0, 0, 0, 0, 0]
B0987S1K5W	[12, 3, 35, 3, 0, 1, 0, 0, 0, 1]
B07LGCHNPP	[0, 0, 0, 1, 0, 0, 0, 0, 0, 0]
B0799P37X5	[0, 12, 0, 0, 0, 0, 0, 0, 0, 0]
B07KPHDJCM	[12, 0, 8, 11, 0, 6, 1, 2, 2, 0]
B07KG36CTR	[1, 0, 4, 8, 0, 0, 0, 0, 0, 0]
B08BTP991V	[0, 0, 0, 1, 0, 0, 0, 0, 0, 0]
B095CVK3WH	[2, 4, 4, 6, 1, 1, 0, 0, 0, 0]
B09N4461LQ	[15, 5, 28, 5, 4, 8, 7, 2, 4, 1]
B08BFVYN8Z	[21, 3, 23, 4, 0, 5, 1, 1, 0, 0]
B071ND6PPL	[1, 0, 2, 1, 0, 0, 0, 0, 0, 0]
B07PM4HNCP	[0, 0, 0, 4, 0, 0, 0, 0, 0, 0]
B081GLMH46	[1, 0, 0, 3, 0, 0, 0, 0, 0, 0]
B073N8Q7RW	[6, 0, 3, 5, 0, 4, 4, 0, 0, 0]
B07GVK9FQW	[0, 0, 0, 0, 0, 0, 0, 0, 0, 0]
B075V2PX4Z	[1, 0, 2, 1, 0, 0, 0, 0, 0, 0]
B073S5DSM8	[9, 6, 17, 4, 1, 4, 2, 1, 1, 1]
B079GTCWXK	[0, 0, 3, 1, 0, 0, 0, 0, 0, 0]
B07B9V7L7G	[1, 0, 1, 0, 0, 0, 1, 0, 0, 0]
B086MSHFLV	[5, 1, 8, 9, 0, 3, 0, 0, 0, 0]
B072ML3N6K	[20, 7, 38, 13, 1, 5, 3, 6, 2, 2]
B075KY8LPR	[1, 0, 2, 1, 0, 0, 0, 0, 0, 0]
B07NJ538XQ	[8, 4, 4, 5, 0, 4, 1, 3, 4, 0]
B07G4B6WL4	[0, 0, 0, 1, 0, 0, 0, 0, 0, 0]
B08NJFYP46	[3, 0, 8, 2, 0, 0, 1, 0, 0, 0]
B07BLTCKRY	[0, 0, 0, 0, 0, 0, 0, 0, 0, 0]
B07STM2KGL	[4, 1, 8, 16, 1, 1, 1, 1, 1, 0]
B07RVHRH58	[0, 1, 0, 19, 0, 0, 0, 0, 0, 0]
B017OBYNZU	[0, 0, 1, 0, 0, 0, 0, 0, 0, 0]
B08V58J54W	[0, 0, 0, 1, 0, 0, 0, 0, 0, 0]
B08WPHMKYS	[1, 0, 0, 23, 1, 0, 0, 0, 0, 0]
B08XTVRWBM	[0, 3, 5, 3, 0, 3, 1, 1, 1, 1]
B081V4KBG6	[2, 0, 8, 0, 1, 0, 1, 0, 1, 0]
B06XBXR97N	[7, 2, 10, 2, 0, 4, 3, 2, 2, 1]
B08Q7ZV79K	[2, 0, 1, 2, 0, 3, 0, 0, 0, 0]
B079T4TPV8	[17, 7, 12, 8, 0, 2, 3, 5, 1, 2]
B09BVRKDWH	[11, 1, 18, 5, 1, 6, 1, 0, 0, 0]
B07MHTJRYX	[0, 0, 3, 2, 0, 0, 0, 0, 0, 0]
B099XDRY3S	[3, 1, 17, 6, 0, 2, 0, 0, 0, 1]
B09DZ2LN3W	[4, 1, 4, 1, 0, 1, 0, 0, 1, 0]
B078NV8P7G	[1, 2, 3, 0, 0, 0, 0, 0, 0, 0]
B07MCSZLK9	[2, 0, 2, 0, 0, 2, 0, 1, 0, 0]
B07P462R7T	[12, 4, 14, 6, 4, 9, 4, 2, 2, 0]
B07B1X3Z3D	[2, 1, 2, 2, 0, 0, 0, 0, 0, 0]
B07B381CB6	[0, 0, 0, 1, 0, 0, 0, 0, 0, 0]
B07MVN731H	[0, 0, 0, 1, 0, 0, 0, 0, 0, 0]
B084VTSD3V	[5, 1, 8, 1, 0, 1, 1, 0, 0, 0]
B0933LTRMD	[0, 0, 0, 0, 0, 0, 0, 0, 0, 0]
B079NCQW4W	[1, 0, 0, 0, 0, 1, 0, 0, 0, 0]
B07DXKPPZL	[1, 6, 0, 0, 0, 0, 0, 0, 0, 1]
B08HM63BLW	[0, 0, 2, 6, 0, 0, 0, 0, 0, 0]
B07ZB3DZ7W	[3, 2, 7, 6, 1, 4, 4, 0, 2, 0]
B08LHDSQ8J	[0, 0, 0, 0, 0, 0, 0, 0, 0, 0]
B07KS65KHD	[0, 0, 0, 0, 0, 0, 0, 0, 0, 0]
B07H2WMJVM	[0, 0, 0, 0, 0, 0, 0, 0, 0, 0]
B08W1Z54BN	[11, 3, 22, 8, 0, 1, 0, 0, 0, 0]
B08R437LVJ	[5, 0, 3, 1, 0, 0, 0, 0, 0, 0]
B07MCBH799	[1, 0, 1, 2, 0, 0, 2, 0, 0, 0]
B07S685RR4	[0, 0, 0, 0, 0, 0, 0, 0, 0, 0]
B07YY14FS7	[1, 0, 3, 1, 0, 0, 0, 0, 0, 0]
B078W199Z3	[0, 0, 0, 0, 0, 0, 0, 0, 0, 0]
B09L1NC1ZQ	[0, 0, 0, 0, 0, 0, 0, 0, 0, 0]
B082W63Y3G	[0, 0, 0, 0, 0, 0, 0, 0, 0, 0]
B08R97D1FS	[7, 3, 11, 5, 1, 2, 1, 1, 0, 0]
B08WRSJC4H	[0, 0, 0, 0, 0, 0, 0, 0, 0, 0]
B06W55K6BJ	[0, 0, 0, 0, 0, 0, 0, 0, 0, 0]
B073XV1WNL	[0, 0, 1, 2, 0, 1, 1, 0, 0, 0]
B09QPR7PTP	[0, 0, 0, 2, 0, 0, 0, 0, 0, 0]
B085NNCGV3	[0, 0, 0, 1, 0, 0, 0, 0, 0, 0]
B07VH9ZKMY	[8, 3, 5, 7, 0, 2, 1, 3, 1, 1]
B07G5618FB	[3, 5, 11, 8, 0, 0, 1, 1, 0, 0]
B075435C1Y	[18, 3, 15, 11, 0, 8, 2, 0, 0, 0]
B093663F2H	[4, 1, 5, 3, 0, 3, 0, 0, 0, 0]
B08QZQYP5S	[2, 4, 4, 6, 1, 1, 0, 0, 0, 0]
B079RMFLT2	[0, 0, 3, 1, 0, 0, 0, 0, 0, 0]
B09KMBNFDB	[0, 0, 0, 0, 0, 0, 0, 0, 0, 0]
B088TK115J	[2, 0, 3, 1, 0, 0, 0, 0, 0, 0]
B08GFPC1VB	[1, 0, 1, 0, 0, 2, 0, 0, 0, 0]
B07WW5B97Y	[0, 0, 0, 1, 0, 0, 0, 0, 0, 0]
B09FQXY379	[3, 0, 5, 3, 0, 1, 0, 0, 0, 0]
B01EIQOOUS	[2, 1, 0, 52, 0, 0, 0, 0, 0, 0]
B01LXC3V58	[15, 12, 37, 6, 4, 5, 3, 3, 2, 2]
B07B8T17QF	[0, 0, 0, 0, 0, 0, 0, 0, 0, 0]
B079N7VXHZ	[15, 0, 10, 1, 0, 3, 2, 0, 0, 0]
B0719TQV6W	[0, 0, 0, 2, 0, 0, 0, 0, 0, 0]
B01N9A5MAD	[2, 1, 5, 3, 0, 1, 4, 1, 0, 0]
B09RWR5K4B	[3, 2, 3, 3, 0, 2, 1, 1, 2, 2]
B06XT6N53W	[4, 4, 16, 8, 5, 7, 4, 7, 3, 3]
B09BJXX8KJ	[0, 1, 2, 1, 0, 0, 0, 0, 0, 0]
B081XH1LVJ	[0, 0, 0, 3, 0, 0, 0, 0, 0, 1]
B079DWL5Z6	[0, 0, 0, 0, 0, 0, 0, 0, 0, 0]
B076VCFNSH	[10, 1, 14, 5, 1, 1, 2, 1, 0, 0]
B07H7VQZRM	[0, 0, 0, 2, 0, 0, 0, 0, 0, 0]
B081TZTGSG	[4, 9, 5, 12, 0, 0, 0, 1, 1, 1]
B06ZXRYZMP	[3, 4, 12, 6, 2, 1, 0, 0, 1, 2]
B082LR31KS	[4, 1, 4, 1, 0, 1, 0, 0, 1, 0]
B08C6GXLKG	[7, 0, 15, 2, 5, 5, 0, 0, 0, 0]
B09TRR26CV	[3, 0, 4, 2, 1, 0, 1, 0, 0, 0]
B07F8NRVX4	[9, 0, 7, 3, 0, 2, 1, 0, 0, 0]
B08C6Z4C3R	[4, 0, 2, 0, 0, 1, 0, 0, 0, 0]
B0834Z7GH3	[2, 0, 2, 4, 0, 0, 0, 0, 0, 0]
B07HJ3F1M7	[8, 0, 4, 0, 0, 0, 0, 0, 0, 0]
B085Q73KM8	[0, 0, 0, 0, 0, 0, 0, 0, 0, 0]
B08D6279JL	[4, 4, 4, 2, 0, 0, 0, 1, 1, 0]
B08KGCT1NF	[0, 0, 0, 0, 0, 0, 0, 0, 0, 0]
B07V8GFF63	[10, 0, 19, 0, 0, 0, 0, 0, 0, 0]
B07ZQ8JPYN	[0, 0, 3, 0, 0, 0, 0, 0, 0, 0]
B08G57V3K4	[0, 0, 0, 0, 0, 0, 0, 0, 0, 0]
B07V4SH9CH	[3, 5, 11, 8, 0, 0, 1, 1, 0, 0]
B093KM5JKZ	[0, 0, 0, 0, 0, 0, 0, 0, 0, 0]
B08PFGXJGH	[3, 0, 7, 2, 0, 0, 0, 0, 0, 0]
B01MS4801B	[6, 6, 15, 4, 2, 5, 2, 6, 3, 1]
B07MDRYWLN	[0, 0, 0, 0, 0, 0, 0, 0, 0, 0]
B07Z9KCZSL	[7, 0, 15, 2, 5, 5, 0, 0, 0, 0]
B07GXTL5F2	[0, 0, 0, 0, 0, 0, 0, 0, 0, 0]
B08D6XJ6K1	[1, 0, 2, 1, 0, 0, 0, 0, 0, 0]
B07GJM7SKW	[0, 0, 0, 0, 0, 0, 0, 0, 0, 0]
B07FM5Q9M7	[0, 0, 0, 1, 0, 0, 0, 0, 0, 0]
B07CJR1SS6	[3, 0, 7, 0, 0, 3, 0, 0, 0, 0]
B07T91Z5Y6	[0, 0, 0, 1, 0, 0, 0, 0, 0, 0]
B086QZBTHH	[5, 1, 8, 9, 0, 3, 0, 0, 0, 0]
B08QZ9GSTF	[6, 3, 13, 5, 1, 3, 1, 1, 1, 0]
B09DS3XV4C	[10, 4, 16, 6, 1, 2, 2, 1, 0, 0]
B078GNK56Z	[0, 0, 0, 1, 0, 0, 0, 0, 0, 0]
B08591WT9D	[8, 2, 6, 8, 1, 4, 2, 1, 0, 0]
B09FB4L8V6	[0, 0, 0, 13, 0, 0, 0, 0, 0, 0]
B08914KMDV	[2, 3, 7, 1, 1, 0, 0, 1, 1, 1]
B089VJHBFR	[9, 5, 11, 1, 2, 2, 0, 0, 0, 0]
B07B6BSPY4	[11, 0, 16, 1, 3, 1, 3, 0, 0, 0]
B095P311XY	[9, 0, 12, 0, 1, 2, 1, 0, 0, 0]
B07QP6GZNJ	[0, 0, 0, 0, 0, 0, 0, 0, 0, 0]
B089ZVRH6R	[0, 0, 0, 0, 0, 0, 0, 0, 0, 0]
B08F1W9ZRF	[0, 0, 1, 0, 0, 0, 0, 0, 0, 0]
B0848T8D42	[5, 7, 7, 4, 0, 2, 2, 0, 0, 0]
B07HYGJPLG	[3, 0, 5, 2, 0, 1, 0, 0, 0, 0]
B07NTRH9XS	[3, 0, 5, 0, 0, 0, 0, 0, 0, 0]
B07TNH8TQJ	[0, 0, 0, 1, 0, 0, 0, 0, 0, 0]
B07TDB5TS7	[0, 0, 0, 3, 0, 0, 0, 0, 0, 0]
B08RBWGXKQ	[0, 0, 0, 1, 0, 0, 0, 0, 0, 0]
B09NYLMZTV	[1, 2, 5, 3, 0, 1, 2, 0, 0, 0]
B07QP7S15F	[0, 0, 0, 0, 0, 0, 0, 0, 0, 0]
B06XYYRQ3R	[1, 0, 2, 1, 0, 0, 0, 0, 0, 0]
B07KWVB9MN	[0, 0, 0, 1, 0, 0, 0, 0, 0, 0]
B08Q7XWBXM	[15, 8, 1, 1, 1, 2, 0, 0, 0, 0]
B01MS4ODCJ	[9, 1, 26, 6, 0, 3, 1, 0, 0, 0]
B08428BHKR	[6, 3, 13, 0, 1, 3, 1, 1, 1, 0]
B071WWJN5T	[2, 0, 2, 2, 0, 1, 1, 0, 0, 0]
B07N69SNNH	[8, 4, 4, 5, 0, 4, 1, 3, 4, 0]
B017OBJI46	[0, 1, 0, 0, 0, 0, 0, 0, 0, 0]
B0935QLM7C	[3, 0, 4, 2, 1, 0, 1, 0, 0, 0]
B07XL97LJ4	[0, 0, 0, 5, 0, 0, 0, 0, 0, 0]
B07YSSMSWR	[4, 2, 6, 0, 0, 1, 1, 0, 0, 0]
B08Q8L7SYV	[2, 4, 4, 6, 1, 1, 0, 0, 0, 0]
B07BBJFDCC	[25, 4, 30, 12, 1, 10, 13, 0, 1, 0]
B07Y66NF7R	[9, 1, 12, 5, 1, 1, 0, 1, 0, 1]
B07D81T21K	[10, 4, 13, 7, 0, 2, 3, 3, 1, 1]
B08C78P7D5	[5, 0, 4, 1, 0, 0, 0, 3, 0, 0]
B08CX7F844	[4, 0, 5, 2, 0, 1, 0, 0, 0, 0]
B07FMWPJXX	[5, 0, 3, 3, 0, 0, 0, 1, 0, 0]
B01LW6U38T	[0, 0, 0, 0, 0, 0, 0, 0, 0, 0]
B07VFK93V3	[0, 0, 0, 0, 0, 0, 0, 0, 0, 0]
B08WYPT4CV	[0, 0, 0, 8, 0, 0, 0, 0, 0, 0]
B07G4G1G37	[0, 0, 0, 1, 0, 0, 0, 0, 0, 0]
B09S6TYPX7	[3, 0, 5, 3, 0, 1, 0, 0, 0, 0]
B083XCWWCK	[5, 2, 14, 1, 0, 1, 0, 0, 0, 0]
B09BZMNYVF	[5, 0, 3, 0, 0, 0, 0, 1, 0, 0]
B078S7B2FG	[36, 10, 52, 9, 2, 10, 4, 4, 0, 0]
B0749K61D8	[6, 0, 8, 0, 0, 1, 1, 0, 0, 0]
B086JNWP6B	[0, 0, 0, 0, 0, 0, 0, 0, 0, 0]
B01N7U5AXE	[7, 0, 9, 4, 0, 1, 3, 0, 0, 0]
B082J5ZTQF	[3, 0, 4, 2, 1, 0, 1, 0, 0, 0]
B07Y8K18C5	[4, 0, 8, 1, 0, 3, 0, 0, 0, 0]
B087RQ9LJ5	[5, 1, 8, 9, 0, 3, 0, 0, 0, 0]
B07RRV8QT9	[36, 22, 51, 3, 0, 0, 4, 0, 0, 4]
B08F83VXLG	[0, 0, 0, 0, 0, 0, 0, 0, 0, 0]
B07CYS1KSM	[6, 3, 11, 2, 0, 0, 0, 4, 0, 1]
B0732YVV96	[0, 0, 0, 9, 0, 0, 0, 0, 0, 0]
B071P7HLC5	[1, 0, 0, 4, 1, 0, 0, 0, 0, 0]
B07RRYXYN6	[1, 0, 0, 6, 0, 0, 0, 0, 0, 0]
B08Q8C17LJ	[0, 0, 0, 1, 0, 0, 0, 0, 0, 0]
B0853ZNJ38	[0, 0, 0, 3, 0, 0, 0, 0, 0, 0]
B08D3Q11NT	[6, 3, 12, 2, 1, 3, 1, 1, 1, 0]
B0822WWL4W	[0, 0, 0, 3, 0, 0, 0, 0, 0, 0]
B07B3H9SVT	[0, 0, 0, 1, 0, 0, 0, 0, 0, 0]
B084SZ2NMW	[6, 3, 13, 5, 1, 3, 1, 1, 1, 0]
B07P5S895W	[14, 0, 14, 8, 0, 3, 0, 0, 0, 0]
B0835YX5SM	[6, 3, 13, 3, 1, 3, 1, 1, 1, 0]
B09KTLZG67	[0, 0, 0, 0, 0, 0, 0, 0, 0, 0]
B07SNVMF99	[0, 0, 0, 3, 0, 0, 0, 0, 0, 0]
B0886GT387	[7, 4, 9, 9, 2, 1, 1, 0, 0, 2]
B087F6CLJG	[6, 3, 13, 10, 1, 3, 1, 1, 0, 1]
B07RMV4CVV	[0, 0, 2, 4, 0, 0, 0, 0, 0, 0]
B07SDCYTG7	[3, 0, 4, 1, 1, 1, 1, 1, 0, 0]
B01EIQX6Y8	[7, 1, 6, 3, 0, 2, 3, 0, 0, 0]
B09JW6DKRT	[9, 3, 11, 8, 1, 5, 1, 1, 1, 0]
B07JVRWDX3	[0, 0, 0, 0, 0, 0, 0, 0, 0, 0]
B08JVDJD5S	[0, 0, 0, 0, 0, 0, 0, 0, 0, 0]
B08VWNBVP9	[0, 3, 11, 3, 1, 2, 1, 3, 1, 0]
B07P94CSP9	[0, 0, 0, 0, 0, 0, 0, 0, 0, 0]
B079VQB18J	[2, 10, 5, 2, 0, 1, 0, 0, 0, 0]
B082FL2J23	[5, 2, 14, 1, 0, 1, 0, 0, 0, 0]
B09N9T3DF7	[9, 5, 23, 8, 1, 3, 4, 1, 1, 0]
B07V1VNSGZ	[0, 0, 0, 5, 0, 0, 0, 0, 0, 0]
B07P8M1CQQ	[0, 0, 0, 1, 0, 0, 0, 0, 0, 0]
B07M67K3K8	[0, 0, 0, 0, 0, 0, 0, 0, 0, 0]
B09TWQHT71	[0, 0, 0, 7, 0, 0, 0, 0, 0, 0]
B07QKDY6W4	[0, 0, 0, 0, 0, 0, 0, 0, 0, 0]
B08W5CN42L	[5, 1, 8, 9, 0, 3, 0, 0, 0, 0]
B091QB2DKJ	[1, 0, 0, 22, 1, 0, 0, 0, 0, 0]
B08CVKFW8M	[7, 8, 19, 12, 1, 12, 4, 8, 2, 2]
B07PSP47PY	[11, 15, 35, 23, 4, 8, 5, 2, 1, 1]
B091B8S76Z	[0, 0, 0, 65, 0, 0, 1, 0, 0, 0]
B08BFT3MPD	[21, 3, 23, 5, 0, 5, 1, 1, 0, 0]
B07285G1RK	[21, 4, 24, 9, 1, 2, 0, 0, 0, 1]
B01M5E92TH	[1, 0, 2, 1, 0, 0, 0, 0, 0, 0]
B092WWNBJQ	[1, 0, 3, 3, 0, 0, 0, 0, 0, 0]
B09J4L8P6L	[0, 0, 0, 3, 0, 0, 0, 0, 0, 0]
B074PNDSQ1	[6, 2, 10, 5, 1, 1, 1, 2, 1, 1]
B08PP6HFSJ	[0, 0, 0, 0, 0, 0, 0, 0, 0, 0]
B07QM9XHQR	[0, 0, 0, 0, 0, 0, 0, 0, 0, 0]
B07YD8WH8F	[4, 5, 13, 11, 3, 4, 2, 2, 3, 3]
B07TV2N3WG	[4, 7, 5, 4, 0, 0, 1, 3, 0, 1]
B07GVNC2BP	[0, 0, 0, 1, 0, 0, 0, 0, 0, 0]
B01F4WFJ5Y	[0, 0, 0, 0, 0, 0, 0, 0, 0, 0]
B07C7N6NS4	[0, 1, 1, 1, 0, 0, 0, 0, 0, 0]
B07C5P6MRD	[1, 0, 1, 0, 0, 0, 0, 0, 0, 0]
B072PXYSQ9	[8, 2, 3, 9, 0, 4, 0, 2, 2, 2]
B07ZTN51F4	[0, 0, 0, 5, 0, 0, 0, 0, 0, 0]
B088TQC99V	[0, 0, 0, 4, 0, 0, 0, 0, 0, 0]
B08BBTYDDY	[0, 0, 0, 0, 0, 0, 0, 0, 0, 0]
B0964Z39PC	[4, 0, 2, 1, 0, 0, 0, 0, 0, 0]
B079T4JG95	[4, 5, 1, 6, 0, 1, 1, 0, 0, 0]
B08GN9CY52	[3, 0, 4, 2, 1, 0, 1, 0, 0, 0]
B08KF65CRY	[3, 3, 12, 24, 3, 5, 2, 3, 1, 1]
B07C8FSTFP	[5, 3, 12, 6, 0, 3, 1, 1, 1, 1]
B082RHKK8M	[0, 0, 0, 3, 0, 0, 0, 0, 0, 0]
B074TV61DK	[2, 0, 1, 1, 0, 0, 0, 0, 0, 0]
B09BBNJYN3	[0, 0, 0, 0, 0, 0, 0, 0, 0, 0]
B0968BSHCC	[0, 0, 0, 0, 0, 0, 0, 0, 0, 0]
B076CN68Z2	[7, 0, 7, 7, 0, 0, 1, 0, 0, 0]
B071NVKH7C	[2, 0, 3, 6, 0, 2, 0, 0, 0, 0]
B06XW8MFWY	[16, 1, 23, 19, 0, 3, 7, 4, 2, 1]
B07PP91JB2	[0, 0, 0, 0, 0, 0, 0, 0, 0, 0]
B092X5G7B1	[1, 0, 3, 3, 0, 0, 0, 0, 0, 0]
B08DYDFV96	[0, 0, 0, 0, 0, 0, 0, 0, 0, 0]
B073GVHDL5	[4, 2, 6, 6, 3, 0, 1, 0, 0, 0]
B083WCXWZB	[0, 1, 3, 2, 0, 0, 0, 0, 1, 1]
B08RZ819MB	[6, 3, 13, 5, 1, 3, 1, 1, 0, 0]
B07BZMRR2Q	[2, 3, 2, 3, 2, 2, 0, 2, 0, 0]
B09Q5C28RY	[0, 0, 0, 0, 0, 0, 0, 0, 0, 0]
B07WRFJHB3	[9, 6, 21, 10, 4, 2, 4, 1, 1, 0]
B07BD43F49	[0, 1, 1, 1, 0, 0, 0, 0, 0, 0]
B081K8WWCK	[5, 2, 14, 1, 0, 2, 0, 0, 0, 0]
B071JQQNFG	[9, 0, 11, 3, 1, 1, 1, 0, 0, 0]
B08PK488S7	[6, 3, 13, 4, 0, 2, 0, 0, 0, 0]
B09SB4ZK11	[7, 5, 21, 4, 1, 3, 4, 1, 1, 0]
B09QRPGFXM	[0, 0, 0, 2, 0, 0, 1, 0, 0, 0]
B07B31GLRT	[18, 2, 14, 9, 1, 1, 3, 1, 0, 0]
B08BFCTDC7	[0, 0, 0, 0, 0, 0, 0, 0, 0, 0]
B09M6VCPJV	[2, 4, 4, 6, 1, 1, 0, 0, 0, 0]
B07FSFD58B	[6, 1, 2, 7, 0, 0, 0, 0, 0, 0]
B087TG6HX7	[3, 0, 8, 0, 0, 0, 0, 0, 0, 0]
B07PLZB3CS	[1, 1, 6, 6, 1, 1, 0, 0, 0, 1]
B083V6DD67	[0, 0, 0, 0, 0, 0, 0, 0, 0, 0]
B089WGC387	[0, 0, 0, 4, 0, 0, 0, 0, 0, 0]
B09NKLC7FG	[5, 4, 6, 2, 1, 3, 0, 1, 1, 0]
B07T2TSZG7	[0, 0, 0, 5, 1, 0, 0, 0, 0, 0]
B08TC5W4ZP	[6, 3, 13, 7, 1, 3, 1, 1, 0, 0]
B07QGFWBHJ	[1, 0, 0, 6, 0, 0, 0, 0, 0, 0]
B09Q8XLJTT	[6, 3, 17, 6, 4, 4, 1, 4, 1, 0]
B09G37S3J2	[0, 0, 0, 0, 0, 0, 0, 0, 0, 0]
B07F919GWD	[4, 2, 8, 8, 0, 1, 1, 1, 1, 1]
B07NQQJYFP	[0, 0, 0, 7, 0, 0, 0, 0, 0, 0]
B09456W9CX	[1, 0, 3, 3, 0, 0, 0, 0, 0, 0]
B092X3Y2N8	[1, 0, 3, 3, 0, 0, 0, 0, 0, 0]
B08LF2WBY5	[0, 0, 0, 1, 0, 0, 0, 0, 0, 0]
B086KVLSQL	[0, 0, 0, 0, 0, 0, 0, 0, 0, 0]
B07R5YXWK9	[1, 0, 8, 1, 0, 0, 1, 0, 0, 0]
B075977QQY	[1, 0, 2, 1, 0, 0, 0, 0, 0, 0]
B07NYRPBLP	[4, 0, 3, 2, 0, 1, 0, 0, 0, 0]
B09KNT1MTF	[36, 10, 19, 25, 4, 10, 13, 1, 2, 1]
B08D6YP7W6	[1, 0, 2, 1, 0, 0, 0, 0, 0, 0]
B08D6YFY65	[1, 0, 2, 1, 0, 0, 0, 0, 0, 0]
B075J914W2	[3, 0, 5, 2, 0, 1, 0, 0, 0, 0]
B07T7GP6HH	[2, 0, 3, 1, 0, 0, 0, 0, 0, 0]
B077YHP17C	[6, 0, 12, 2, 0, 1, 1, 0, 0, 0]
B081543T4B	[0, 0, 0, 0, 0, 0, 0, 0, 0, 0]
B08JV9RT7H	[4, 0, 4, 1, 0, 0, 0, 0, 0, 0]
B087289GLC	[0, 0, 0, 0, 0, 0, 0, 0, 0, 0]
B08WPLDQRQ	[3, 0, 7, 2, 0, 0, 0, 0, 0, 0]
B075YRHSWS	[0, 0, 1, 1, 0, 0, 0, 0, 0, 0]
B07XCH21ZV	[2, 0, 0, 0, 0, 1, 0, 0, 0, 0]
B08Z78YVRY	[0, 0, 0, 0, 0, 0, 0, 0, 0, 0]
B077KHD3T9	[0, 0, 1, 1, 0, 0, 0, 0, 0, 0]
B072KL1S3G	[0, 0, 1, 0, 0, 0, 0, 0, 0, 0]
B07FSR3V7D	[2, 0, 5, 1, 0, 0, 0, 0, 0, 0]
B0757H679T	[1, 0, 2, 1, 0, 0, 0, 0, 0, 0]
B08PZJYXND	[0, 0, 0, 0, 0, 0, 0, 0, 0, 0]
B0863ZZKDZ	[7, 9, 5, 2, 0, 0, 1, 2, 0, 1]
B08NFJ6CQX	[0, 0, 0, 2, 0, 0, 0, 0, 0, 0]
B08D6ZJPTB	[1, 0, 2, 1, 0, 0, 0, 0, 0, 0]
B07RRYC69Z	[6, 0, 11, 8, 0, 0, 0, 1, 0, 0]
B07CW6FT6C	[3, 2, 8, 0, 1, 1, 1, 0, 1, 0]
B07JHJNNV9	[12, 0, 8, 8, 0, 3, 0, 0, 1, 0]
B07LGLHCF4	[1, 0, 1, 2, 0, 0, 0, 0, 0, 0]
B08BG6JQPD	[0, 0, 0, 2, 0, 0, 0, 0, 0, 0]
B09DL5QTN4	[3, 1, 2, 2, 0, 1, 0, 0, 1, 0]
B07LCQ5JT7	[14, 3, 10, 3, 1, 0, 4, 0, 1, 1]
B07BD2NZW3	[0, 0, 1, 0, 0, 0, 0, 0, 0, 0]
B08VS4NJXG	[2, 4, 4, 6, 1, 1, 0, 0, 0, 0]
B07SJCLF98	[2, 0, 3, 1, 0, 0, 0, 0, 0, 0]
B083583LLL	[0, 0, 1, 0, 0, 0, 0, 0, 0, 0]
B08FFQK31D	[3, 1, 4, 17, 0, 1, 1, 2, 4, 1]
B0727RNQ67	[3, 1, 5, 3, 2, 0, 1, 0, 0, 0]
B07RT759Z9	[1, 0, 2, 1, 0, 0, 0, 0, 0, 0]
B087N479GJ	[3, 1, 10, 6, 0, 0, 0, 0, 0, 0]
B07L1S1S2V	[9, 2, 29, 7, 2, 5, 0, 3, 0, 0]
B081QQQYMM	[2, 4, 5, 2, 0, 0, 0, 1, 1, 0]
B07MJKLFYL	[13, 4, 13, 4, 1, 5, 1, 2, 1, 1]
B08MDX2HDR	[9, 0, 9, 6, 4, 1, 4, 0, 0, 0]
B07YLPQH19	[2, 12, 18, 8, 1, 5, 3, 2, 0, 0]
B07C7WTDY8	[4, 2, 16, 13, 1, 3, 2, 1, 2, 0]
B0969Q7S2B	[6, 3, 13, 4, 1, 3, 1, 1, 0, 0]
B08R8LDKF4	[0, 0, 0, 2, 0, 0, 0, 0, 0, 0]
B071JLNRWF	[1, 0, 2, 5, 0, 0, 0, 0, 0, 0]
B08HMMHVQN	[7, 0, 6, 1, 0, 0, 0, 1, 0, 1]
B07T7FJFGS	[1, 0, 1, 24, 1, 0, 0, 0, 0, 0]
B093CRF1YD	[0, 0, 5, 1, 0, 1, 2, 0, 1, 0]
B0839MBNP4	[0, 0, 1, 3, 0, 2, 0, 1, 0, 0]
B094DV988N	[8, 1, 15, 5, 0, 4, 2, 2, 0, 1]
B07N81VFVT	[0, 3, 5, 3, 0, 3, 1, 1, 1, 1]
B01C3CO48G	[0, 0, 0, 0, 0, 0, 0, 0, 0, 0]
B076DF51JM	[0, 0, 0, 0, 0, 0, 0, 0, 0, 0]
B09T96DBFZ	[7, 2, 4, 0, 0, 0, 0, 0, 0, 0]
B071ZRZ3Y3	[8, 0, 10, 2, 1, 1, 1, 0, 0, 0]
B07FLSFYY2	[7, 3, 10, 2, 0, 0, 0, 6, 0, 0]
B08CTZP97H	[6, 3, 13, 4, 1, 3, 1, 1, 1, 0]
B09JL3VPQ2	[3, 0, 4, 0, 1, 2, 0, 1, 0, 0]
B0743HM4LL	[0, 0, 0, 1, 0, 0, 0, 0, 0, 0]
B01MY1A0MS	[13, 6, 27, 11, 1, 2, 0, 4, 0, 3]
B07TTNHTHP	[0, 0, 0, 0, 0, 0, 0, 0, 0, 0]
B08LLGYXL3	[3, 1, 9, 5, 0, 1, 0, 0, 0, 1]
B072R2G3RL	[7, 3, 5, 4, 0, 0, 1, 0, 0, 0]
B079RMNB7M	[0, 0, 0, 0, 0, 0, 0, 0, 0, 0]
B0831H2VPB	[0, 0, 0, 2, 0, 0, 0, 0, 0, 0]
B0799ZLCD9	[4, 2, 9, 1, 0, 1, 0, 0, 0, 1]
B0869QLPJ6	[0, 0, 0, 0, 0, 0, 0, 0, 0, 0]
B07NY2FQRN	[6, 3, 11, 4, 1, 3, 1, 1, 0, 0]
B07GVVC32B	[11, 3, 22, 19, 1, 2, 4, 1, 0, 1]
B07PKR5FX6	[0, 1, 0, 3, 0, 0, 0, 0, 0, 0]
B081ZR2F5H	[4, 0, 4, 2, 0, 0, 0, 1, 0, 0]
B08SHCNN3S	[3, 2, 4, 13, 2, 2, 1, 0, 1, 0]
B098NJR2J9	[4, 1, 6, 3, 0, 1, 2, 0, 0, 0]
B07NJFRVCK	[1, 0, 0, 0, 0, 0, 0, 0, 0, 0]
B07MJRQ52G	[0, 0, 0, 0, 0, 0, 0, 0, 0, 0]
B081RS8CK5	[0, 0, 0, 5, 0, 0, 0, 0, 0, 0]
B08S1MS7PJ	[9, 0, 11, 3, 1, 1, 1, 0, 0, 0]
B01HFZI9AK	[10, 0, 5, 4, 0, 1, 1, 0, 0, 0]
B07KQLQGZ4	[0, 0, 0, 0, 0, 0, 0, 0, 0, 0]
B07NVQPF5V	[10, 0, 13, 0, 1, 1, 1, 0, 0, 0]
B08YD8461R	[3, 17, 13, 0, 0, 0, 0, 0, 0, 0]
B07M8R6ZWD	[4, 0, 4, 4, 1, 1, 1, 0, 0, 0]
B0793S5N4W	[7, 0, 10, 4, 1, 0, 1, 0, 0, 0]
B07DD58XX5	[4, 1, 5, 4, 0, 1, 1, 0, 0, 1]
B085LFDBBZ	[9, 0, 6, 5, 0, 2, 0, 0, 0, 0]
B017RXFNKY	[14, 10, 42, 17, 1, 8, 2, 1, 1, 0]
B076SYBVKR	[4, 4, 10, 4, 1, 3, 4, 2, 2, 3]
B072M53YNL	[1, 0, 2, 5, 0, 0, 0, 0, 0, 0]
B08G55F9VN	[10, 2, 2, 7, 0, 1, 0, 0, 1, 0]
B092YHQPX5	[1, 0, 3, 3, 0, 0, 0, 0, 0, 0]
B07FQLBDJ3	[7, 0, 0, 3, 0, 0, 0, 0, 0, 0]
B07ZKDJHJ1	[11, 4, 12, 10, 3, 5, 3, 4, 1, 1]
B07TD6GM2N	[0, 0, 0, 0, 0, 0, 0, 0, 0, 0]
B089VZ85VG	[0, 0, 0, 6, 0, 0, 0, 0, 0, 0]
B01EIQYF3E	[9, 2, 24, 4, 1, 0, 4, 0, 0, 0]
B08D6YJZLL	[1, 0, 2, 1, 0, 0, 0, 0, 0, 0]
B07DLJVXRY	[3, 0, 5, 3, 1, 3, 3, 2, 0, 0]
B09SYWMXQL	[6, 0, 8, 3, 2, 0, 1, 0, 0, 0]
B07CPZJRZW	[8, 4, 4, 5, 0, 4, 1, 3, 4, 0]
B086C9QWYN	[5, 4, 4, 5, 1, 3, 3, 1, 2, 1]
B06X6LZDV4	[10, 1, 39, 6, 2, 3, 4, 1, 1, 0]
B07DQHXY26	[6, 2, 8, 6, 0, 1, 0, 0, 0, 0]
B08MKW95MF	[0, 2, 1, 5, 0, 1, 1, 0, 0, 0]
B0721QFT7Q	[6, 2, 3, 1, 1, 3, 0, 0, 0, 0]
B0722KNWX2	[14, 3, 21, 22, 0, 1, 2, 2, 1, 3]
B079LTP355	[6, 1, 13, 11, 0, 3, 1, 1, 2, 0]
B07ZD1J2TQ	[0, 0, 0, 0, 0, 0, 0, 0, 0, 0]
B09BRFN1G1	[2, 1, 1, 2, 0, 0, 0, 0, 0, 0]
B07JMV1BFD	[1, 0, 2, 1, 0, 0, 0, 0, 0, 0]
B085H7TPP8	[17, 2, 17, 3, 1, 0, 0, 0, 1, 1]
B0713Z5TJG	[7, 2, 10, 2, 0, 4, 3, 2, 2, 1]
B08CNFPNMT	[5, 3, 4, 4, 1, 3, 1, 1, 1, 0]
B07HGXKX37	[0, 0, 0, 0, 0, 0, 0, 0, 0, 0]
B07SNXG4ZT	[0, 0, 0, 3, 0, 0, 0, 0, 0, 0]
B08D2TRGZG	[26, 3, 55, 12, 1, 3, 7, 1, 1, 0]
B09FL9S8Y1	[0, 0, 0, 0, 0, 0, 0, 0, 0, 0]
B075MS2CSJ	[2, 0, 5, 1, 0, 0, 2, 0, 0, 0]
B07NYWBL62	[0, 0, 0, 1, 0, 0, 0, 0, 0, 0]
B09FFPJX18	[1, 0, 0, 2, 0, 0, 0, 0, 0, 0]
B089VXN7L1	[0, 0, 0, 1, 0, 0, 0, 0, 0, 0]
B086GTC4PS	[4, 0, 11, 0, 0, 0, 0, 0, 0, 0]
B07KB4HPRB	[0, 0, 0, 1, 0, 0, 0, 0, 0, 0]
B07H99H4Q7	[6, 0, 6, 4, 0, 2, 1, 0, 0, 0]
B088FFRFFX	[7, 0, 1, 2, 0, 0, 0, 0, 0, 0]
B08Z4JN4ZP	[1, 0, 3, 3, 0, 0, 0, 0, 0, 0]
B07TTNXYTS	[1, 0, 0, 0, 0, 0, 0, 0, 0, 0]
B09FK9CPCV	[9, 3, 14, 7, 1, 3, 1, 1, 0, 0]
B083H9JTJY	[3, 1, 3, 4, 0, 0, 0, 0, 0, 0]
B07KZLLC66	[6, 2, 3, 13, 0, 0, 0, 0, 0, 0]
B07MW2Z3D4	[1, 0, 1, 0, 0, 0, 0, 0, 0, 0]
B08GTV3CDC	[0, 0, 0, 0, 0, 0, 0, 0, 0, 0]
B0842QM14Y	[0, 0, 0, 2, 0, 0, 0, 0, 0, 0]
B0982TDSF5	[6, 3, 13, 3, 1, 3, 1, 1, 1, 0]
B095S633Q8	[0, 0, 1, 1, 0, 0, 0, 0, 0, 0]
B079BSJSH8	[0, 0, 0, 0, 0, 0, 0, 0, 0, 0]
B07H25BSCN	[87, 19, 153, 15, 3, 21, 7, 4, 1, 1]
B09PB5B927	[9, 5, 26, 5, 1, 5, 6, 1, 2, 0]
B092W9XBT7	[1, 0, 3, 3, 0, 0, 0, 0, 0, 0]
B098DWN5B6	[0, 1, 1, 25, 0, 0, 0, 0, 0, 0]
B08LQYD9BL	[0, 0, 0, 1, 0, 0, 0, 0, 0, 0]
B06XW3F5GW	[0, 0, 1, 2, 0, 0, 0, 0, 0, 0]
B07J4QKWFQ	[3, 0, 5, 3, 1, 3, 3, 2, 0, 0]
B072MXY7NL	[0, 0, 1, 2, 0, 0, 0, 0, 0, 0]
B071DQ4FJY	[0, 0, 0, 1, 0, 0, 0, 0, 0, 0]
B07B8JN6TB	[6, 6, 3, 5, 0, 1, 0, 0, 0, 0]
B07VWB6S2Q	[5, 2, 2, 3, 0, 2, 0, 0, 0, 0]
B07YL2NC5V	[0, 0, 0, 0, 0, 0, 0, 0, 0, 0]
B092XXGHLR	[1, 0, 3, 3, 0, 0, 0, 0, 0, 0]
B072F3JNGB	[1, 0, 0, 12, 0, 0, 0, 0, 0, 0]
B09P71WV1S	[4, 4, 11, 5, 1, 3, 1, 1, 0, 0]
B06XJSWYBN	[0, 0, 0, 0, 0, 0, 0, 0, 0, 0]
B07Y56395C	[3, 1, 0, 10, 0, 1, 0, 0, 0, 0]
B07VRTNJC6	[11, 5, 9, 3, 1, 5, 1, 0, 2, 0]
B0785SVK3V	[7, 0, 11, 0, 1, 1, 1, 0, 0, 0]
B07S9S9B6R	[9, 2, 4, 3, 0, 3, 0, 3, 1, 3]
B09QQTV8MV	[9, 1, 17, 5, 1, 3, 0, 0, 0, 0]
B098SSYPSL	[0, 0, 0, 0, 0, 0, 0, 0, 0, 0]
B09T3H779T	[5, 0, 3, 0, 0, 0, 0, 1, 0, 0]
B0783R4Q82	[4, 0, 4, 0, 0, 0, 0, 0, 0, 0]
B083TT2FLL	[4, 3, 3, 3, 0, 3, 0, 2, 0, 1]
B085R71CWV	[5, 1, 6, 2, 0, 0, 2, 0, 0, 0]
B0786NLDBF	[4, 3, 13, 5, 3, 5, 2, 4, 3, 0]
B07YG2P8RL	[18, 8, 24, 4, 0, 4, 0, 1, 0, 0]
B0854MV7WG	[4, 3, 13, 5, 1, 3, 1, 1, 1, 0]
B07WX7DNR1	[8, 1, 9, 3, 0, 0, 1, 1, 0, 1]
B08S3P6G92	[9, 0, 11, 3, 1, 1, 1, 0, 0, 0]
B07VKJKYM6	[4, 0, 0, 0, 0, 1, 0, 0, 0, 0]
B075DXQFHN	[1, 0, 2, 1, 0, 0, 0, 0, 0, 0]
B08CL1SF7Y	[1, 0, 2, 9, 0, 1, 0, 0, 0, 0]
B07M92YD7W	[2, 0, 0, 0, 0, 0, 0, 0, 0, 0]
B08FT9QYYY	[12, 1, 23, 4, 3, 6, 3, 0, 1, 0]
B01NBB1INY	[11, 5, 8, 1, 0, 0, 0, 0, 0, 0]
B08BRQ35WK	[3, 0, 8, 0, 0, 0, 0, 0, 0, 0]
B07BNJTVL4	[5, 3, 7, 6, 0, 2, 0, 1, 1, 1]
B075GW9W4Y	[0, 0, 4, 10, 1, 1, 2, 0, 0, 0]
B08ZDV7BR5	[1, 0, 4, 0, 0, 0, 0, 1, 0, 0]
B09732M4G5	[1, 0, 2, 1, 0, 0, 0, 0, 0, 0]
B086M4LJNK	[5, 1, 8, 9, 0, 3, 0, 0, 0, 0]
B07THRNCCC	[2, 0, 3, 1, 0, 0, 0, 0, 0, 0]
B07G6ZJYTD	[7, 0, 11, 4, 1, 1, 1, 0, 0, 0]
B08GKV9DG6	[3, 0, 7, 2, 0, 0, 0, 0, 0, 0]
B092XD8TP5	[1, 0, 3, 3, 0, 0, 0, 0, 0, 0]
B09MJSPHLB	[0, 0, 2, 0, 0, 0, 0, 0, 0, 0]
B07PJR3PL7	[1, 0, 0, 0, 0, 0, 0, 0, 0, 0]
B07QP7RDHD	[0, 0, 0, 0, 0, 0, 0, 0, 0, 0]
B08L3ZLWQC	[0, 0, 0, 0, 0, 0, 0, 0, 0, 0]
B07JBL3DQH	[7, 0, 15, 2, 5, 5, 0, 0, 0, 0]
B08W7W41TW	[0, 0, 0, 3, 0, 0, 0, 0, 0, 0]
B01LZJ8S4R	[12, 14, 13, 8, 1, 3, 2, 1, 1, 1]
B08L9JCNNB	[0, 0, 0, 0, 0, 0, 0, 0, 0, 0]
B07V5MH6DS	[0, 0, 0, 2, 0, 0, 0, 0, 0, 0]
B07C2SFQVJ	[0, 0, 0, 1, 0, 0, 0, 0, 0, 0]
B071CZ9VRL	[4, 0, 4, 0, 0, 0, 0, 0, 0, 0]
B07SW86P66	[0, 0, 0, 3, 0, 0, 0, 0, 0, 0]
B07ZT4VMJM	[0, 0, 0, 1, 0, 0, 0, 0, 0, 0]
B07918YJGJ	[2, 0, 3, 2, 0, 0, 0, 0, 0, 0]
B093ZX1RDK	[9, 2, 14, 2, 0, 1, 0, 1, 0, 0]
B08XZ7MHSQ	[3, 5, 11, 8, 0, 0, 1, 1, 0, 0]
B07DFF55R6	[0, 0, 1, 0, 0, 0, 0, 0, 0, 0]
B07N82RQD1	[0, 0, 0, 0, 0, 0, 0, 0, 0, 0]
B084GW4T3X	[0, 0, 0, 1, 0, 0, 0, 0, 0, 0]
B08FCKD62D	[8, 0, 10, 4, 0, 2, 1, 0, 0, 0]
B07GJL37DK	[3, 0, 5, 3, 0, 1, 0, 0, 0, 0]
B078SV8KZD	[5, 0, 6, 1, 1, 0, 4, 0, 0, 0]
B07J6NBD1P	[0, 0, 0, 5, 0, 1, 1, 0, 0, 0]
B07KT3FSH9	[0, 0, 0, 0, 0, 0, 0, 0, 0, 0]
B06X9CV5QX	[0, 0, 0, 1, 0, 0, 0, 0, 0, 0]
B07VG9CNDC	[6, 0, 4, 2, 0, 0, 0, 1, 0, 0]
B09MKM67HR	[1, 0, 0, 3, 0, 0, 0, 0, 0, 0]
B094VHQHX3	[2, 0, 6, 4, 0, 0, 0, 0, 0, 0]
B071DGGH17	[1, 0, 2, 1, 0, 0, 0, 0, 0, 0]
B095XZR9F4	[8, 5, 8, 8, 1, 1, 0, 1, 0, 0]
B092XDRQSP	[1, 0, 3, 3, 0, 0, 0, 0, 0, 0]
B07N38HY78	[0, 0, 0, 2, 0, 0, 0, 0, 0, 0]
B08JGQ28J5	[6, 3, 13, 3, 1, 3, 1, 1, 0, 0]
B07KQFBX62	[0, 0, 0, 0, 0, 0, 0, 0, 0, 0]
B01MQ2NPA2	[9, 3, 2, 26, 0, 0, 0, 0, 0, 0]
B08D6YV27J	[1, 0, 2, 1, 0, 0, 0, 0, 0, 0]
B0837VXSWR	[14, 4, 28, 6, 1, 7, 4, 4, 1, 2]
B06Y6HTCG5	[2, 0, 9, 2, 0, 0, 1, 0, 0, 0]
B0765541GC	[1, 0, 1, 0, 0, 0, 0, 0, 0, 0]
B07VVY4FBZ	[0, 1, 2, 1, 0, 0, 0, 0, 0, 0]
B09JCGX65W	[11, 0, 24, 4, 1, 4, 3, 0, 0, 0]
B081T2N8X7	[0, 1, 1, 1, 0, 0, 0, 1, 0, 0]
B09P8HYT9M	[1, 0, 0, 0, 0, 0, 0, 0, 0, 0]
B07T2CNX2R	[0, 0, 0, 3, 0, 0, 0, 0, 0, 0]
B088HH2RSM	[3, 4, 7, 3, 0, 0, 0, 1, 1, 0]
B07KK83PD8	[0, 0, 0, 8, 0, 0, 0, 0, 0, 0]
B01N2A1KAV	[4, 0, 9, 3, 0, 0, 4, 0, 0, 0]
B08LVM1R6L	[12, 4, 9, 2, 0, 1, 0, 2, 1, 0]
B09MLS6F6J	[6, 4, 17, 5, 1, 3, 5, 1, 1, 0]
B081ZX2F8B	[0, 0, 0, 3, 0, 0, 0, 0, 0, 0]
B089DNVPMK	[0, 1, 4, 0, 0, 7, 0, 0, 0, 0]
B08SQ9165N	[0, 0, 1, 0, 0, 0, 0, 0, 0, 0]
B09738VF9P	[0, 0, 0, 0, 0, 0, 0, 0, 0, 0]
B08P1ZS8CK	[6, 3, 13, 4, 1, 3, 1, 1, 1, 0]
B08TPMWYR6	[1, 0, 3, 3, 0, 0, 0, 0, 0, 0]
B09CC26ZMM	[1, 5, 3, 13, 1, 2, 1, 1, 1, 0]
B07CR5DS15	[7, 0, 4, 2, 1, 0, 3, 1, 0, 0]
B07QV39D2V	[0, 0, 0, 1, 0, 0, 0, 0, 0, 0]
B085WRF96P	[6, 3, 13, 4, 1, 3, 1, 1, 1, 0]
B08DN46X8T	[19, 12, 11, 10, 0, 2, 3, 2, 1, 1]
B093Y66DMG	[0, 0, 0, 0, 0, 0, 0, 0, 0, 0]
B07L66BFF9	[1, 0, 0, 1, 0, 0, 0, 0, 0, 0]
B093GDYZVN	[2, 3, 14, 3, 0, 2, 1, 0, 2, 0]
B07RVHZLVL	[1, 6, 3, 25, 1, 0, 1, 0, 0, 0]
B099JK44XH	[25, 54, 40, 24, 1, 5, 5, 9, 2, 2]
B09LXW2PLK	[0, 0, 1, 0, 0, 0, 1, 2, 1, 1]
B08L3FDRK9	[18, 5, 28, 6, 4, 8, 7, 2, 4, 1]
B07BMVPY9N	[1, 1, 5, 0, 0, 4, 0, 0, 1, 0]
B09K27S3QF	[1, 0, 0, 4, 0, 0, 0, 0, 0, 0]
B08THMNF3Z	[1, 1, 0, 1, 0, 0, 0, 0, 0, 0]
B07BHTKYDQ	[1, 0, 0, 1, 0, 2, 0, 0, 0, 0]
B078QB65B9	[1, 0, 1, 0, 0, 0, 0, 0, 0, 0]
B078JZM5QR	[1, 0, 4, 1, 0, 0, 1, 0, 0, 1]
B08DMKHN1K	[13, 2, 13, 6, 1, 5, 2, 1, 1, 1]
B07642M52J	[6, 4, 30, 6, 2, 4, 2, 1, 1, 0]
B094WFXS2B	[3, 0, 4, 0, 1, 2, 0, 1, 0, 0]
B07P9V2X82	[0, 0, 0, 17, 0, 0, 0, 0, 0, 0]
B07NK766W7	[1, 0, 2, 1, 0, 0, 1, 0, 0, 0]
B08BF1X6W2	[2, 0, 8, 10, 1, 0, 3, 0, 0, 0]
B095KLX6PB	[2, 0, 0, 0, 0, 0, 0, 0, 0, 0]
B07WNXHBB9	[0, 3, 2, 1, 0, 1, 0, 0, 0, 0]
B082MCPSNH	[0, 0, 0, 0, 0, 0, 0, 0, 0, 0]
B01M093V9V	[4, 0, 9, 3, 0, 0, 4, 0, 0, 0]
B076QL466Y	[13, 21, 17, 9, 0, 4, 2, 6, 3, 2]
B08158XQF1	[0, 0, 0, 1, 0, 0, 0, 0, 0, 0]
B01N0EF67B	[12, 4, 9, 4, 1, 1, 1, 0, 1, 0]
B07X2M7VQG	[7, 4, 19, 12, 1, 3, 2, 1, 1, 2]
B07XBSD9ZD	[0, 0, 0, 1, 0, 0, 0, 0, 0, 0]
B07TT6YRRV	[0, 0, 0, 1, 0, 0, 0, 0, 0, 0]
B06Y3PSHQ3	[7, 4, 6, 4, 1, 3, 3, 0, 0, 0]
B07KR52M6Q	[0, 0, 0, 9, 0, 0, 0, 0, 0, 0]
B0983C2377	[10, 2, 2, 7, 0, 1, 0, 0, 1, 0]
B07TKNKLNL	[17, 5, 48, 17, 3, 8, 4, 8, 6, 3]
B083HVDLGD	[2, 1, 13, 8, 1, 5, 2, 0, 0, 0]
B07Y82NRFS	[3, 0, 4, 2, 1, 0, 1, 0, 0, 0]
B07QR7489S	[0, 0, 0, 4, 0, 0, 0, 0, 0, 0]
B07VB2JLRT	[2, 0, 3, 1, 0, 0, 0, 0, 0, 0]
B096S1DBG7	[1, 0, 8, 7, 0, 0, 1, 0, 0, 0]
B01NBOTEBW	[7, 2, 13, 11, 0, 3, 1, 0, 0, 0]
B06ZY9KFFK	[1, 0, 2, 0, 0, 0, 1, 0, 0, 0]
B07M5M3H7W	[9, 2, 11, 4, 0, 1, 0, 1, 1, 1]
B07449W67H	[5, 0, 3, 3, 1, 2, 2, 0, 0, 0]
B07LCLZRM3	[16, 1, 23, 19, 0, 3, 7, 4, 2, 1]
B07QPVZ7XC	[0, 0, 0, 4, 0, 0, 0, 0, 0, 0]
B08JCTF7RF	[2, 3, 14, 3, 0, 2, 1, 0, 2, 0]
B09G3CMZGT	[3, 0, 4, 2, 1, 0, 1, 0, 0, 0]
B081CSHTJ2	[14, 6, 11, 8, 1, 7, 0, 0, 1, 0]
B075Q8G7VT	[1, 0, 2, 1, 0, 0, 0, 0, 0, 0]
B097SV4MPR	[3, 5, 11, 4, 1, 2, 2, 0, 1, 0]
B0722MF852	[1, 0, 2, 1, 0, 0, 0, 0, 0, 0]
B076PBX4LL	[1, 2, 10, 9, 0, 0, 0, 1, 0, 2]
B01ER39MZY	[26, 5, 19, 14, 0, 2, 1, 0, 0, 1]
B07M9BCQXF	[0, 0, 2, 14, 0, 0, 0, 0, 0, 0]
B085VFN53N	[0, 0, 0, 1, 0, 0, 0, 0, 0, 0]
B08S7R4LKQ	[0, 1, 0, 36, 0, 0, 0, 0, 0, 0]
B09JCC6RD1	[6, 1, 4, 6, 0, 1, 1, 0, 1, 0]
B07R7W2LH5	[0, 0, 0, 0, 0, 0, 0, 0, 0, 0]
B07PB33NR9	[0, 1, 0, 44, 0, 0, 0, 0, 0, 0]
B089SV39V3	[8, 5, 9, 4, 0, 3, 1, 0, 2, 0]
B07D3BZLNS	[1, 0, 1, 2, 0, 0, 0, 0, 0, 0]
B07JZB36VM	[0, 0, 0, 3, 0, 0, 0, 0, 0, 0]
B094QRTQPX	[0, 0, 0, 0, 0, 0, 0, 0, 0, 0]
B098TS6T51	[0, 0, 0, 2, 0, 0, 0, 0, 0, 0]
B073FNVGNN	[0, 0, 0, 5, 0, 0, 0, 0, 0, 0]
B09PGL2C9N	[0, 0, 0, 2, 0, 0, 0, 0, 0, 0]
B086YBD1ZR	[5, 0, 4, 2, 1, 1, 3, 1, 0, 0]
B07TS1SQBD	[5, 5, 13, 3, 1, 2, 1, 0, 0, 1]
B08NMRGZV9	[26, 6, 23, 10, 0, 4, 2, 10, 1, 1]
B09DMZDTQ5	[10, 7, 14, 10, 4, 1, 6, 2, 0, 0]
B07FMGYBMF	[3, 0, 6, 1, 2, 1, 0, 0, 0, 0]
B084SVK45C	[1, 0, 0, 6, 0, 0, 0, 0, 0, 0]
B075SWQJML	[3, 0, 5, 2, 0, 1, 0, 0, 0, 0]
B0842V4W9W	[7, 0, 9, 3, 0, 3, 3, 1, 0, 0]
B07VGCSYZ9	[0, 0, 0, 2, 0, 0, 0, 0, 0, 0]
B08CZRBS61	[0, 0, 0, 1, 0, 0, 0, 0, 0, 0]
B089H213H9	[10, 0, 5, 6, 0, 1, 1, 0, 0, 0]
B07GSPJQ8G	[1, 0, 0, 20, 1, 0, 0, 0, 0, 0]
B08RJMSZVQ	[2, 4, 4, 6, 1, 1, 0, 0, 0, 0]
B01N3JHSWW	[6, 0, 4, 5, 0, 3, 0, 0, 0, 0]
B07MJH2SHD	[0, 0, 0, 1, 0, 0, 0, 0, 0, 0]
B092YTF1QK	[1, 0, 3, 3, 0, 0, 0, 0, 0, 0]
B08ZKWK1WJ	[0, 0, 1, 9, 0, 0, 0, 0, 0, 0]
B078HY2PDB	[7, 4, 17, 9, 2, 2, 3, 1, 0, 0]
B09MZSDNQ5	[1, 0, 0, 2, 0, 0, 0, 0, 0, 0]
B07NCZ53MQ	[1, 0, 1, 2, 1, 0, 0, 0, 0, 0]
B08XC5D6SC	[1, 0, 2, 0, 0, 0, 0, 0, 0, 0]
B07H2LCFBP	[5, 0, 11, 1, 0, 2, 1, 0, 0, 0]
B07KB7VJ5L	[5, 2, 18, 3, 0, 2, 0, 0, 0, 0]
B07KQ41MQS	[12, 0, 8, 2, 0, 2, 2, 0, 0, 0]
B08YM3CHRG	[0, 0, 0, 0, 0, 0, 0, 0, 0, 0]
B01MDLG0YL	[4, 0, 9, 3, 0, 0, 4, 0, 0, 0]
B0841HVH5L	[0, 0, 2, 0, 0, 0, 0, 0, 0, 0]
B07VM98875	[1, 0, 0, 1, 0, 0, 0, 0, 0, 0]
B09HK3J6RC	[6, 0, 8, 3, 2, 0, 1, 0, 0, 0]
B07CNWG478	[8, 2, 9, 2, 0, 3, 0, 0, 0, 0]
B079HR4SJM	[1, 3, 3, 1, 0, 0, 0, 0, 0, 0]
B07P6M9NPG	[0, 0, 0, 1, 0, 0, 0, 0, 0, 0]
B0976SYQ84	[6, 0, 8, 3, 2, 0, 1, 0, 0, 0]
B07MNFRKCP	[0, 0, 1, 0, 0, 0, 0, 0, 0, 0]
B07FS6C6KL	[2, 0, 8, 1, 0, 1, 0, 0, 0, 0]
B07MR7JQ83	[2, 0, 5, 1, 0, 0, 0, 0, 0, 0]
B01M4IB27W	[7, 1, 9, 3, 0, 4, 2, 1, 0, 0]
B07JW55PBF	[0, 0, 0, 2, 0, 0, 0, 0, 0, 0]
B07W6RSJG4	[0, 0, 0, 0, 0, 0, 0, 0, 0, 0]
B09MLPXC88	[1, 4, 4, 2, 0, 1, 0, 0, 1, 1]
B07CXYM73R	[3, 0, 7, 2, 0, 0, 0, 0, 0, 0]
B07HHFM8ZJ	[16, 3, 17, 1, 2, 3, 3, 1, 0, 0]
B07HWZDGRF	[3, 0, 3, 1, 0, 0, 2, 0, 0, 0]
B08KYKX8T2	[8, 0, 4, 4, 0, 0, 1, 0, 0, 0]
B097H254FP	[3, 5, 11, 8, 0, 0, 1, 1, 0, 0]
B06Y1G2L7P	[1, 0, 0, 6, 0, 0, 0, 0, 0, 0]
B07F163VZS	[2, 7, 7, 5, 0, 2, 1, 5, 1, 1]
B08R3XX5VL	[7, 6, 21, 10, 1, 1, 0, 5, 2, 1]
B0787XJV4D	[23, 2, 25, 3, 1, 3, 1, 1, 0, 1]
B09NYJ11ND	[0, 0, 0, 3, 0, 0, 0, 0, 0, 0]
B08Q8DCZ9S	[0, 0, 0, 1, 0, 0, 0, 0, 0, 0]
B07HK79V6G	[2, 0, 1, 0, 0, 2, 0, 0, 0, 0]
B07DDKB34F	[0, 0, 0, 0, 0, 0, 0, 0, 0, 0]
B07HR9CW1Y	[0, 0, 0, 0, 0, 0, 0, 0, 0, 0]
B07WFZ8PDX	[0, 0, 0, 1, 0, 0, 0, 0, 0, 0]
B07PZ5YDJR	[1, 0, 1, 4, 0, 0, 0, 0, 0, 0]
B07XTFSTYH	[0, 0, 0, 1, 0, 0, 0, 0, 0, 0]
B07D6X2ZJR	[0, 1, 1, 1, 0, 0, 0, 0, 0, 0]
B07J2C2LWT	[1, 0, 1, 2, 0, 0, 2, 0, 0, 0]
B084BTY2FM	[0, 0, 0, 2, 0, 0, 0, 0, 0, 0]
B075KC2R2F	[0, 0, 1, 1, 0, 0, 0, 0, 0, 0]
B08KWKSC76	[2, 4, 4, 6, 1, 1, 0, 0, 0, 0]
B078RQSFKB	[23, 5, 16, 3, 0, 1, 0, 0, 0, 0]
B074MK5Y69	[0, 0, 0, 0, 0, 0, 0, 0, 0, 0]
B092X3Q4JG	[1, 0, 3, 3, 0, 0, 0, 0, 0, 0]
B07W96Y27H	[2, 0, 3, 1, 0, 0, 0, 0, 0, 0]
B07NS1485R	[18, 4, 27, 21, 0, 4, 1, 3, 0, 2]
B07XDGPDB2	[8, 3, 13, 8, 1, 4, 1, 1, 0, 0]
B09372N3T2	[5, 3, 11, 3, 1, 3, 1, 1, 1, 0]
B09TL4XZ1L	[5, 0, 1, 9, 0, 2, 2, 0, 1, 2]
B07HNR5H7Y	[2, 0, 0, 0, 0, 1, 0, 0, 0, 0]
B083QQ886C	[0, 0, 0, 0, 0, 0, 0, 0, 0, 0]
B07QJCQP7F	[0, 0, 0, 7, 0, 0, 0, 0, 0, 0]
B08GCTL83D	[0, 0, 0, 0, 0, 0, 0, 0, 0, 0]
B071Y5FT56	[5, 1, 2, 2, 0, 0, 0, 1, 0, 1]
B01N45NYH7	[3, 0, 1, 3, 0, 0, 2, 0, 0, 0]
B08Q8GQ33H	[0, 0, 0, 1, 0, 0, 0, 0, 0, 0]
B07B973X4M	[0, 0, 0, 0, 0, 0, 0, 0, 0, 0]
B08VJHKS78	[3, 0, 7, 2, 0, 0, 0, 0, 0, 0]
B07KDV68MC	[0, 0, 0, 0, 0, 0, 0, 0, 0, 0]
B06WW2XQ68	[17, 10, 27, 17, 2, 6, 1, 2, 1, 0]
B07WVQ11CY	[2, 0, 3, 1, 0, 0, 0, 0, 0, 0]
B07DW5NM5G	[3, 5, 11, 8, 0, 0, 1, 1, 0, 0]
B08NDD6TWZ	[2, 0, 10, 5, 3, 3, 0, 0, 0, 0]
B08BZP1M1G	[6, 4, 8, 2, 0, 3, 0, 0, 0, 0]
B07YM1PM62	[6, 3, 15, 5, 1, 3, 1, 1, 1, 0]
B07TWRKJRW	[7, 0, 5, 4, 1, 1, 1, 0, 0, 0]
B09JBNYGLQ	[0, 0, 0, 2, 0, 0, 0, 0, 0, 0]
B097PT4SR8	[0, 0, 0, 0, 0, 0, 0, 0, 0, 0]
B0716J5HC1	[0, 0, 0, 5, 0, 0, 0, 0, 0, 0]
B077ZFYWBN	[1, 0, 4, 1, 0, 0, 1, 0, 0, 1]
B084HC73L6	[0, 0, 1, 1, 0, 0, 0, 0, 0, 0]
B07NWN17PK	[0, 0, 0, 1, 0, 0, 0, 0, 0, 0]
B07HQ59LPD	[0, 0, 1, 0, 0, 0, 1, 0, 0, 0]
B075XRN21X	[0, 0, 0, 0, 0, 0, 0, 0, 0, 0]
B07XSX8H7N	[15, 2, 48, 12, 3, 2, 8, 1, 3, 1]
B075Z5DJGV	[11, 4, 3, 7, 2, 3, 0, 0, 0, 0]
B07VGWTP4X	[4, 0, 0, 0, 0, 1, 0, 0, 0, 0]
B06WW9MGCP	[0, 0, 0, 0, 0, 0, 0, 0, 0, 0]
B0875L29YZ	[0, 0, 0, 0, 0, 0, 0, 0, 0, 0]
B07M6W3PXS	[12, 3, 15, 8, 0, 4, 4, 0, 0, 0]
B081G84N5X	[3, 0, 9, 2, 3, 0, 1, 0, 0, 0]
B092HL21T5	[1, 0, 0, 4, 0, 0, 0, 0, 0, 0]
B08R1P4XL5	[1, 0, 1, 0, 0, 0, 0, 0, 0, 0]
B09463FC28	[1, 0, 3, 3, 0, 0, 0, 0, 0, 0]
B07WP6D63F	[0, 0, 0, 0, 0, 0, 0, 0, 0, 0]
B0988YDQ1L	[0, 0, 0, 1, 0, 0, 0, 0, 0, 0]
B08GSTBCGT	[0, 0, 0, 0, 0, 0, 0, 0, 0, 0]
B098QX42DX	[1, 0, 1, 3, 0, 1, 0, 0, 0, 0]
B092WZ865G	[1, 0, 3, 3, 0, 0, 0, 0, 0, 0]
B09L9WDD15	[1, 0, 3, 3, 0, 1, 2, 0, 0, 0]
B07RG38SHW	[10, 1, 39, 6, 2, 3, 4, 1, 1, 0]
B07172DN5V	[13, 5, 10, 2, 0, 3, 2, 1, 1, 1]
B08L3DT6Q7	[9, 0, 6, 5, 0, 2, 0, 0, 0, 0]
B08DRPHFYB	[1, 0, 10, 4, 0, 0, 0, 0, 0, 0]
B07WGFB3R2	[24, 6, 22, 3, 0, 0, 0, 0, 0, 0]
B08GMBBHHV	[0, 0, 0, 0, 0, 0, 0, 0, 0, 0]
B09R81RG51	[6, 0, 8, 3, 2, 0, 1, 0, 0, 0]
B0821GPX6T	[13, 2, 16, 4, 0, 2, 2, 0, 0, 0]
B079Z59LL3	[17, 14, 22, 7, 1, 4, 3, 5, 2, 2]
B083JJ4LZG	[3, 0, 4, 2, 1, 0, 1, 0, 0, 0]
B076X3ML83	[9, 3, 11, 6, 1, 5, 3, 2, 1, 2]
B07VRZYMYC	[2, 0, 3, 1, 0, 0, 0, 0, 0, 0]
B07SQFR8TS	[0, 0, 0, 4, 0, 0, 0, 0, 0, 0]
B08D6Y764X	[1, 0, 2, 1, 0, 0, 0, 0, 0, 0]
B07R61WPJF	[2, 0, 2, 12, 0, 0, 0, 0, 0, 0]
B08HGLKT57	[3, 3, 8, 8, 4, 1, 0, 2, 1, 0]
B08HZC9H44	[3, 0, 4, 2, 1, 0, 1, 0, 0, 0]
B08D6ZCMB3	[1, 0, 2, 1, 0, 0, 0, 0, 0, 0]
B0962F5TNT	[1, 0, 0, 22, 1, 0, 0, 0, 0, 0]
B09H7697CD	[18, 1, 11, 3, 0, 1, 1, 0, 1, 1]
B0963M9LRR	[4, 0, 4, 2, 0, 0, 0, 1, 0, 0]
B07G2H25R4	[2, 0, 8, 1, 0, 1, 0, 0, 0, 0]
B07QWTNDM7	[0, 1, 2, 1, 0, 0, 0, 0, 0, 0]
B077Y6GC3D	[1, 1, 1, 0, 0, 0, 0, 0, 0, 0]
B07L131NBN	[0, 0, 0, 1, 0, 0, 0, 0, 0, 0]
B07NNVKJDX	[12, 0, 14, 2, 0, 0, 1, 0, 0, 0]
B06XQ8H1F1	[8, 4, 7, 6, 3, 1, 2, 2, 3, 2]
B07TZR1R24	[0, 0, 0, 0, 0, 0, 0, 0, 0, 0]
B09LBFG93L	[5, 3, 1, 4, 0, 2, 1, 0, 0, 0]
B083VZL26B	[0, 0, 0, 0, 0, 0, 0, 0, 0, 0]
B09FDL7P7V	[5, 2, 15, 0, 0, 1, 0, 0, 0, 0]
B01KX83VJA	[8, 4, 7, 6, 3, 1, 2, 2, 3, 2]
B09CTB9K49	[8, 5, 12, 7, 0, 5, 1, 0, 2, 1]
B092YQJBXQ	[3, 0, 7, 2, 0, 0, 0, 0, 0, 0]
B09JSV35D8	[11, 3, 14, 5, 1, 3, 1, 1, 0, 0]
B072ML8FBG	[6, 5, 10, 6, 4, 3, 2, 1, 0, 0]
B09NM9YN5W	[2, 0, 8, 1, 0, 0, 0, 0, 0, 0]
B075GHHW5X	[1, 0, 2, 1, 0, 0, 0, 0, 0, 0]
B01CH4BP28	[24, 4, 23, 9, 0, 7, 1, 2, 0, 1]
B07VDWZXLS	[0, 0, 0, 0, 0, 0, 0, 0, 0, 0]
B08PL3P9QR	[0, 0, 0, 4, 0, 0, 0, 0, 0, 0]
B083JCZ737	[10, 2, 2, 7, 0, 1, 0, 0, 1, 0]
B01NCQOLNS	[0, 0, 0, 0, 0, 0, 0, 0, 0, 0]
B08BLTBPLT	[4, 3, 4, 3, 0, 3, 0, 0, 0, 0]
B07Y3MQJ16	[0, 0, 0, 3, 0, 0, 0, 0, 0, 0]
B08QMNFQK3	[8, 3, 12, 5, 1, 3, 1, 1, 0, 0]
B07B8Q9M7Z	[0, 0, 0, 1, 0, 0, 0, 0, 0, 0]
B077B5YFYP	[0, 0, 0, 0, 0, 0, 0, 0, 0, 0]
B08H7Y68HS	[0, 0, 0, 0, 0, 0, 0, 0, 0, 0]
B06XHZ46XG	[1, 0, 0, 0, 0, 0, 0, 0, 0, 0]
B07QDR2N3W	[0, 0, 0, 0, 0, 0, 0, 0, 0, 0]
B07QJ29YNL	[8, 0, 4, 0, 1, 1, 0, 0, 0, 0]
B073JF7J99	[20, 8, 39, 12, 2, 6, 4, 6, 5, 2]
B08TCJB2RB	[0, 0, 0, 1, 0, 0, 0, 0, 0, 0]
B075Q4TT5J	[3, 0, 5, 2, 0, 1, 0, 0, 0, 0]
B08BJS187F	[0, 0, 0, 0, 0, 0, 0, 0, 0, 0]
B07785SPCH	[4, 0, 10, 7, 1, 2, 2, 0, 2, 0]
B0766162N8	[0, 0, 0, 9, 0, 0, 0, 0, 0, 0]
B0772J1QKB	[8, 0, 2, 1, 0, 0, 0, 0, 0, 0]
B08QCKZMP4	[1, 0, 0, 7, 0, 0, 0, 0, 0, 0]
B06Y222MHB	[1, 0, 12, 3, 1, 1, 1, 0, 0, 0]
B078SJSKFN	[6, 0, 3, 5, 0, 4, 4, 0, 0, 0]
B07LB1BRLD	[36, 6, 39, 11, 0, 2, 6, 2, 1, 0]
B06ZYCJJQS	[5, 1, 8, 2, 0, 2, 1, 0, 0, 0]
B07MSBRRWR	[0, 0, 0, 0, 0, 0, 0, 0, 0, 0]
B01EJJFWV4	[7, 4, 3, 3, 1, 2, 4, 1, 0, 1]
B074X8X6RL	[0, 0, 0, 7, 0, 0, 0, 0, 0, 0]
B09S5XRSKR	[1, 0, 0, 2, 0, 0, 0, 0, 0, 0]
B09GT3CCVJ	[0, 0, 0, 0, 0, 0, 0, 0, 0, 0]
B07VQ9QK7T	[9, 6, 21, 10, 4, 2, 4, 1, 1, 0]
B0799QVSCY	[7, 4, 14, 4, 0, 3, 0, 0, 0, 0]
B08KXZZZ9D	[2, 3, 6, 8, 0, 0, 1, 0, 0, 0]
B07QQ26512	[0, 0, 2, 1, 0, 0, 0, 0, 0, 0]
B081TLG5TV	[0, 0, 0, 4, 0, 0, 0, 0, 0, 0]
B08LG7BPWL	[7, 0, 15, 2, 5, 5, 0, 0, 0, 0]
B01N03FUSI	[3, 0, 5, 2, 0, 1, 0, 0, 0, 0]
B08S6W5HBD	[5, 3, 13, 4, 1, 3, 1, 1, 1, 0]
B08X1V953Y	[5, 0, 3, 0, 0, 0, 0, 1, 0, 0]
B071KZFKLM	[8, 1, 14, 9, 0, 1, 0, 1, 0, 1]
B08C6CZ335	[0, 0, 0, 2, 0, 0, 0, 0, 0, 0]
B01J909TG2	[6, 2, 24, 7, 0, 4, 1, 3, 2, 1]
B07H4QZV7P	[5, 2, 15, 1, 0, 1, 0, 0, 0, 0]
B085NJWD1P	[8, 0, 6, 0, 0, 5, 1, 0, 0, 1]
B0854PTZCG	[0, 0, 0, 4, 0, 0, 0, 0, 0, 0]
B09HST8J1H	[0, 0, 0, 0, 0, 0, 0, 0, 0, 0]
B098BQH81R	[3, 0, 0, 0, 0, 1, 0, 0, 0, 0]
B077TLQGT1	[5, 2, 4, 1, 0, 0, 0, 0, 0, 0]
B079LDN8HH	[6, 1, 3, 3, 1, 3, 0, 0, 0, 0]
B076CL86CD	[7, 0, 7, 7, 0, 0, 1, 0, 0, 0]
B07KSZ127G	[0, 0, 0, 0, 0, 0, 0, 0, 0, 0]
B0949FJ3PD	[0, 0, 0, 0, 0, 0, 0, 0, 0, 0]
B07WF87R6L	[10, 2, 16, 2, 0, 1, 2, 0, 0, 0]
B08X219G5L	[0, 0, 0, 8, 0, 0, 0, 0, 0, 0]
B092YRQGPG	[1, 0, 3, 3, 0, 0, 0, 0, 0, 0]
B0945Z7DRB	[1, 0, 3, 3, 0, 0, 0, 0, 0, 0]
B079GC9VMK	[5, 1, 6, 0, 0, 0, 0, 0, 0, 0]
B08QJNGVMH	[0, 0, 1, 4, 0, 0, 0, 0, 0, 0]
B07B8X731B	[0, 1, 1, 1, 0, 0, 0, 0, 0, 0]
B07KQBYWTQ	[0, 0, 0, 0, 0, 0, 0, 0, 0, 0]
B089WHTHXX	[0, 0, 0, 4, 0, 0, 0, 0, 0, 0]
B06X3X121G	[6, 3, 12, 4, 1, 3, 1, 1, 0, 0]
B07G9G7S6Y	[0, 0, 0, 0, 0, 0, 0, 0, 0, 0]
B078K3C1RJ	[7, 1, 14, 5, 4, 3, 3, 1, 0, 0]
B07VFKQKZC	[0, 0, 0, 4, 0, 0, 0, 0, 0, 0]
B07CTSNCDG	[0, 0, 1, 4, 0, 0, 0, 0, 0, 0]
B07VHJ4Z55	[3, 2, 5, 1, 0, 2, 1, 1, 1, 1]
B09B4GFVMQ	[0, 0, 0, 1, 0, 0, 0, 0, 0, 0]
B084WWRS98	[2, 2, 7, 2, 1, 2, 3, 2, 2, 0]
B08D8ZC6PF	[7, 1, 15, 4, 0, 1, 2, 0, 1, 1]
B08TFM1Q4P	[1, 1, 4, 14, 1, 3, 0, 2, 0, 1]
B08DTDDPTG	[16, 3, 8, 8, 1, 3, 2, 1, 1, 0]
B0756V9CYL	[1, 0, 2, 1, 0, 0, 0, 0, 0, 0]
B084B6VCWQ	[0, 0, 0, 0, 0, 0, 0, 0, 0, 0]
B098YZGYJQ	[0, 1, 0, 60, 0, 0, 0, 0, 0, 0]
B09LYYRLQS	[3, 0, 1, 1, 0, 2, 0, 0, 0, 0]
B092XXGBB7	[1, 0, 3, 3, 0, 0, 0, 0, 0, 0]
B074J85BZ5	[0, 0, 0, 0, 0, 0, 0, 0, 0, 0]
B08SHHS8JZ	[8, 0, 10, 4, 0, 2, 1, 0, 0, 0]
B089B63TPG	[0, 0, 0, 2, 0, 0, 0, 0, 0, 0]
B08FLM3GDV	[2, 8, 20, 6, 0, 0, 2, 0, 0, 2]
B078HQ513D	[1, 3, 3, 4, 0, 0, 1, 0, 0, 1]
B08VJJMQW4	[4, 0, 4, 2, 0, 0, 0, 1, 0, 0]
B074N39K7X	[4, 0, 9, 3, 0, 0, 4, 0, 0, 0]
B06XPP135L	[3, 1, 4, 1, 0, 3, 0, 0, 1, 0]
B01FB6A31I	[7, 0, 6, 1, 0, 2, 1, 0, 0, 0]
B08964KXS9	[3, 0, 7, 2, 0, 0, 0, 0, 0, 0]
B01LXZ56BY	[0, 0, 3, 0, 0, 0, 0, 0, 0, 0]
B08DXW7F7T	[3, 2, 4, 13, 2, 2, 1, 0, 1, 0]
B0969PWGDK	[0, 0, 1, 0, 0, 0, 0, 0, 0, 0]
B07JMJ3WRV	[1, 0, 2, 1, 0, 0, 0, 0, 0, 0]
B072N52K5Y	[6, 2, 4, 2, 1, 2, 0, 0, 0, 0]
B08GL18ZCB	[0, 0, 0, 1, 0, 0, 0, 0, 0, 0]
B0797SW2ZL	[4, 5, 10, 4, 0, 3, 2, 1, 1, 2]
B099FHDGWS	[6, 2, 9, 5, 1, 2, 2, 1, 0, 0]
B07G45KFHK	[10, 0, 5, 6, 0, 1, 1, 0, 0, 0]
B09KCS9RY1	[0, 0, 0, 4, 0, 0, 0, 0, 0, 0]
B01MG6DAYB	[0, 0, 2, 0, 0, 0, 1, 0, 0, 0]
B07N75NVKP	[3, 0, 7, 2, 0, 0, 0, 0, 0, 0]
B06ZXYF8P2	[36, 5, 54, 35, 1, 3, 9, 0, 5, 0]
B079P7DZ4D	[2, 0, 3, 1, 0, 1, 0, 0, 0, 0]
B086QZF56X	[2, 0, 3, 6, 0, 0, 1, 0, 0, 0]
B084P6855P	[2, 2, 8, 2, 1, 0, 0, 1, 0, 1]
B07DP5Y448	[0, 4, 3, 8, 0, 3, 0, 0, 0, 0]
B07SRD7PLB	[0, 0, 0, 2, 0, 0, 0, 0, 0, 0]
B073ZXZ6DL	[0, 1, 0, 47, 0, 0, 0, 0, 0, 0]
B076B3BWSD	[1, 0, 4, 1, 0, 1, 0, 0, 0, 0]
B07FSMB8JJ	[2, 0, 8, 0, 0, 1, 0, 0, 0, 0]
B0872C8F8X	[6, 0, 2, 2, 1, 4, 2, 1, 1, 0]
B08CP8X9N2	[3, 2, 8, 6, 0, 2, 8, 0, 6, 2]
B09CJPBD1Y	[2, 4, 4, 6, 1, 1, 0, 0, 0, 0]
B07RMX2XHD	[3, 3, 16, 2, 1, 3, 0, 0, 0, 0]
B01N6P1R65	[9, 0, 10, 6, 1, 1, 1, 0, 0, 0]
B08ZCT4Z11	[8, 6, 16, 2, 1, 4, 2, 2, 1, 1]
B07YCR4MCX	[7, 5, 20, 6, 2, 2, 2, 1, 1, 1]
B087Q9GHC1	[5, 1, 8, 9, 0, 3, 0, 0, 0, 0]
B01MS4F56O	[1, 0, 1, 0, 0, 0, 0, 0, 0, 0]
B084V56QBC	[3, 2, 1, 3, 0, 3, 1, 0, 1, 0]
B07LB1XWS4	[0, 0, 0, 0, 0, 0, 0, 0, 0, 0]
B076B26Q3R	[3, 2, 3, 0, 0, 0, 0, 0, 0, 0]
B07K81YV73	[0, 0, 3, 2, 0, 0, 0, 0, 0, 0]
B071KX1Q9M	[1, 0, 2, 1, 0, 0, 0, 0, 0, 0]
B08FCNZPK1	[16, 2, 14, 8, 0, 0, 8, 9, 0, 1]
B07L9W8RTZ	[13, 3, 9, 4, 0, 1, 0, 2, 1, 1]
B08Y8B9VTR	[4, 5, 1, 6, 0, 1, 1, 0, 0, 0]
B09J1LHJR1	[5, 1, 8, 9, 0, 3, 0, 0, 0, 0]
B07JNLB94D	[6, 2, 10, 1, 0, 2, 1, 0, 0, 0]
B08SJDRFT6	[0, 0, 0, 0, 0, 0, 0, 0, 0, 0]
B079MHG2SH	[15, 4, 14, 14, 0, 4, 2, 0, 2, 1]
B087Q9FFZL	[5, 1, 8, 9, 0, 3, 0, 0, 0, 0]
B07ZYWHBBM	[0, 0, 0, 5, 0, 0, 0, 0, 0, 0]
B07VP4SX3Y	[6, 3, 3, 5, 0, 1, 0, 0, 0, 0]
B0756ZCH4P	[1, 0, 2, 5, 0, 0, 0, 0, 0, 0]
B01MFXAP9O	[5, 0, 4, 1, 0, 0, 0, 0, 0, 0]
B07K2K54L7	[0, 0, 0, 1, 0, 0, 0, 0, 0, 0]
B07D8PQQ6P	[8, 7, 24, 4, 2, 1, 2, 0, 0, 1]
B08372L9DY	[0, 0, 0, 2, 0, 0, 0, 0, 0, 0]
B079WLZ9RP	[0, 0, 0, 2, 0, 0, 0, 0, 0, 0]
B09QCSCH56	[0, 0, 0, 4, 0, 0, 0, 0, 0, 0]
B09J6JKRNH	[5, 1, 8, 9, 0, 3, 0, 0, 0, 0]
B0799M5HGM	[6, 2, 3, 2, 1, 1, 1, 1, 1, 1]
B097XWLQQ4	[3, 0, 4, 8, 2, 1, 0, 1, 1, 0]
B0881VD9D1	[1, 0, 1, 1, 0, 0, 0, 0, 0, 0]
B085RZNF1B	[3, 0, 4, 3, 0, 1, 0, 0, 0, 0]
B09KTMKY7Y	[9, 4, 18, 5, 1, 3, 2, 1, 1, 0]
B082ZSTLCQ	[0, 0, 0, 0, 0, 0, 0, 0, 0, 0]
B07RD6WFXP	[0, 0, 2, 0, 0, 0, 0, 0, 0, 0]
B072DT6YMX	[1, 0, 0, 2, 0, 0, 0, 0, 0, 0]
B07T93NVFY	[0, 0, 0, 1, 0, 0, 0, 0, 0, 0]
B07R134K2D	[0, 0, 0, 1, 0, 0, 0, 0, 0, 0]
B07SSX2VLK	[5, 0, 7, 0, 0, 0, 0, 0, 0, 0]
B08DRJLSZB	[6, 3, 13, 64, 1, 3, 1, 1, 1, 0]
B08667R388	[0, 0, 0, 0, 0, 0, 0, 0, 0, 0]
B086YWSDQ3	[5, 1, 8, 9, 0, 3, 0, 0, 0, 0]
B01HA3HAH0	[7, 4, 8, 10, 2, 2, 1, 1, 2, 1]
B09L5VM2BB	[0, 1, 4, 2, 0, 1, 0, 0, 0, 0]
B07KCPWH27	[34, 3, 30, 1, 1, 8, 5, 0, 1, 0]
B07ZPFGPS1	[5, 2, 12, 1, 0, 1, 0, 0, 0, 0]
B09FKQWJZ6	[2, 4, 4, 6, 1, 1, 0, 0, 0, 0]
B07HN6NFRC	[1, 0, 2, 2, 0, 0, 0, 0, 0, 0]
B06Y12BD1V	[1, 0, 3, 0, 0, 0, 0, 0, 0, 0]
B07SSX3PFT	[2, 2, 1, 1, 0, 0, 0, 0, 0, 0]
B07D2C49HV	[7, 2, 7, 6, 0, 3, 6, 5, 1, 2]
B09M76JVK6	[2, 4, 4, 6, 1, 1, 0, 0, 0, 0]
B08L9STN99	[0, 0, 0, 0, 0, 0, 0, 0, 0, 0]
B07WJ4DXTY	[6, 0, 3, 7, 0, 2, 1, 0, 0, 0]
B075W6WW4K	[1, 0, 2, 1, 0, 0, 0, 0, 0, 0]
